2.6922
2.6917
2.6911
2.6902
2.6894
2.6887
2.6879
2.6871
2.6865
2.6857
2.6848
2.6837
2.6829
2.6817
2.6808
2.6799
2.6788
2.6778
2.6769
2.6757
2.6748
2.6739
2.6727
2.6716
2.6704
2.6695
2.6684
2.6673
2.6661
2.6648
2.6633
2.6623
2.6612
2.6601
2.6588
2.6576
2.6563
2.6551
2.6539
2.6527
2.6514
2.65
2.6488
2.6476
2.6464
2.6452
2.6439
2.6428
2.6414
2.64
2.6384
2.6373
2.6357
2.6342
2.6331
2.6316
2.6302
2.6288
2.6278
2.6263
2.6253
2.624
2.6225
2.6213
2.6202
2.6185
2.6171
2.6161
2.6145
2.6134
2.6119
2.6105
2.6092
2.608
2.6066
2.6056
2.604
2.6026
2.6016
2.6002
2.599
2.5978
2.5964
2.5951
2.5939
2.5926
2.5913
2.5902
2.589
2.5878
2.5868
2.5857
2.5845
2.5834
2.5822
2.581
2.5796
2.5787
2.5775
2.5766
2.5752
2.5742
2.573
2.5722
2.5709
2.57
2.5689
2.5679
2.5667
2.5656
2.5646
2.5637
2.5627
2.5619
2.561
2.56
2.559
2.5579
2.5571
2.5564
2.5555
2.5545
2.5536
2.5529
2.5523
2.5516
2.5511
2.55
2.5492
2.5483
2.5473
2.5465
2.5458
2.5452
2.5443
2.5437
2.5429
2.5424
2.5418
2.5412
2.5409
2.5404
2.5396
2.5391
2.5385
2.5378
2.5375
2.537
2.5364
2.536
2.5353
2.5346
2.5342
2.5339
2.5333
2.5329
2.5327
2.5322
2.532
2.5318
2.5314
2.5312
2.5308
2.5304
2.5302
2.5302
2.5297
2.5297
2.5295
2.5293
2.5289
2.5288
2.5288
2.5284
2.5283
2.5281
2.528
2.528
2.528
2.5279
2.5277
2.5276
2.5277
2.5278
2.5279
2.5277
2.528
2.5281
2.5278
2.528
2.5279
2.5281
2.5281
2.5284
2.5284
2.5287
2.5289
2.5289
2.5292
2.5295
2.5297
2.5302
2.5303
2.5306
2.5305
2.5308
2.5311
2.5312
2.5319
2.5321
2.5321
2.5325
2.5331
2.5333
2.5338
2.5344
2.5348
2.5355
2.5359
2.5361
2.5366
2.537
2.5373
2.538
2.5384
2.5391
2.5394
2.54
2.5404
2.5412
2.5416
2.5425
2.543
2.5435
2.5441
2.5443
2.545
2.5459
2.5466
2.5471
2.5476
2.5483
2.5492
2.5499
2.5507
2.5512
2.5522
2.5528
2.5535
2.554
2.5545
2.5553
2.5561
2.5566
2.5571
2.5582
2.5587
2.5596
2.5605
2.561
2.5619
2.5627
2.5634
2.5641
2.5649
2.5655
2.5663
2.5674
2.5683
2.5689
2.5699
2.5708
2.5718
2.5725
2.5733
2.5742
2.5748
2.5757
2.5766
2.5775
2.578
2.5792
2.58
2.5809
2.5818
2.5829
2.5836
2.5847
2.5854
2.5861
2.587
2.5876
2.5886
2.5892
2.5899
2.5909
2.5917
2.5928
2.5937
2.5942
2.5952
2.596
2.5969
2.5975
2.5983
2.5992
2.5999
2.6008
2.6016
2.6025
2.6033
2.6043
2.6049
2.6057
2.6066
2.6069
2.6078
2.6085
2.6091
2.6099
2.6108
2.6116
2.6126
2.6128
2.6139
2.6148
2.6153
2.6159
2.6167
2.6175
2.6179
2.6189
2.6194
2.6201
2.6209
2.6216
2.6221
2.6228
2.6233
2.6239
2.6246
2.6252
2.6258
2.6265
2.627
2.6275
2.6281
2.6286
2.6289
2.6294
2.6298
2.6304
2.6308
2.6314
2.6315
2.6321
2.6322
2.633
2.6337
2.6339
2.6345
2.6351
2.6356
2.636
2.6363
2.6368
2.6369
2.637
2.6375
2.6376
2.638
2.6383
2.6386
2.6389
2.639
2.639
2.6393
2.6396
2.6396
2.6399
2.6401
2.6401
2.6402
2.6406
2.6407
2.6405
2.6409
2.6408
2.6408
2.6411
2.6409
2.6414
2.6414
2.6413
2.6416
2.6416
2.6416
2.6416
2.6416
2.6415
2.6414
2.6413
2.6411
2.641
2.6411
2.6408
2.6408
2.6408
2.6402
2.6402
2.6401
2.6397
2.6398
2.6394
2.639
2.6388
2.6385
2.6382
2.638
2.6378
2.6376
2.6373
2.6371
2.6369
2.6364
2.6364
2.6358
2.6357
2.6351
2.6347
2.6344
2.6341
2.6334
2.6332
2.633
2.6322
2.632
2.6317
2.6312
2.6309
2.6305
2.6299
2.6296
2.629
2.6286
2.628
2.6276
2.6268
2.6264
2.6257
2.6253
2.6247
2.6244
2.6237
2.6233
2.6226
2.6223
2.6215
2.6212
2.6207
2.6199
2.6194
2.6185
2.618
2.6176
2.6168
2.6163
2.6157
2.6152
2.6147
2.6142
2.6135
2.6127
2.612
2.6115
2.611
2.6103
2.6095
2.6089
2.6082
2.6078
2.6071
2.6063
2.6056
2.6052
2.6047
2.604
2.6035
2.6028
2.6022
2.6016
2.6008
2.6003
2.5996
2.599
2.5984
2.5978
2.5973
2.5966
2.5962
2.5954
2.595
2.5939
2.5932
2.5925
2.5919
2.5911
2.5907
2.5902
2.5896
2.5891
2.5885
2.588
2.5876
2.587
2.5865
2.5858
2.5854
2.5846
2.5843
2.5837
2.5831
2.5826
2.5818
2.5816
2.5812
2.5808
2.5798
2.5792
2.5786
2.5781
2.5775
2.577
2.5765
2.5758
2.5756
2.5751
2.5746
2.5743
2.5737
2.5733
2.573
2.5724
2.5718
2.5711
2.5708
2.5702
2.57
2.5693
2.5691
2.5686
2.5682
2.5679
2.5676
2.5673
2.5668
2.5665
2.5664
2.5658
2.5652
2.565
2.5647
2.5642
2.5639
2.5639
2.5636
2.563
2.5632
2.5629
2.5628
2.5623
2.5621
2.5615
2.5616
2.5613
2.561
2.5608
2.5606
2.5605
2.5601
2.5604
2.56
2.5598
2.5595
2.5595
2.5593
2.559
2.5591
2.559
2.559
2.5589
2.5585
2.5583
2.5582
2.5581
2.558
2.5579
2.5579
2.5579
2.5581
2.5578
2.5578
2.5579
2.558
2.5579
2.5578
2.5579
2.558
2.5578
2.5578
2.5576
2.5574
2.5578
2.558
2.5579
2.5581
2.5581
2.558
2.5583
2.5584
2.5587
2.5584
2.5586
2.5587
2.559
2.5594
2.5594
2.5597
2.5596
2.5599
2.5597
2.5602
2.56
2.5603
2.5604
2.5608
2.561
2.5611
2.5613
2.5616
2.5618
2.5622
2.5625
2.563
2.5631
2.5631
2.5635
2.5638
2.5641
2.5643
2.5644
2.5646
2.5654
2.5656
2.5659
2.5664
2.5666
2.5669
2.5677
2.5679
2.5683
2.5685
2.5687
2.5689
2.5689
2.5696
2.5698
2.5703
2.5704
2.5708
2.5711
2.5715
2.572
2.5724
2.5728
2.5731
2.5736
2.5741
2.5743
2.5752
2.5757
2.5759
2.5763
2.5766
2.5768
2.5771
2.5774
2.5777
2.578
2.5787
2.5788
2.5796
2.58
2.5806
2.5812
2.5815
2.5822
2.5825
2.5828
2.5833
2.5839
2.5843
2.5847
2.5854
2.5856
2.5861
2.5865
2.5869
2.5873
2.5876
2.5877
2.588
2.5888
2.5889
2.5895
2.5899
2.5907
2.591
2.5917
2.5922
2.5926
2.5931
2.5934
2.5939
2.5942
2.5942
2.5945
2.595
2.5956
2.5959
2.5962
2.5968
2.5967
2.5971
2.5978
2.5983
2.5988
2.5991
2.5996
2.5998
2.6002
2.6006
2.6009
2.6011
2.6016
2.6022
2.6026
2.6029
2.6032
2.6034
2.6035
2.604
2.6044
2.6047
2.6052
2.6055
2.6062
2.6065
2.6067
2.6071
2.6074
2.6076
2.6077
2.6078
2.608
2.6087
2.6087
2.6089
2.6095
2.6099
2.61
2.6106
2.6106
2.6111
2.6112
2.6115
2.6113
2.6118
2.612
2.6122
2.6125
2.6127
2.6129
2.6133
2.6132
2.6133
2.6135
2.6139
2.6141
2.6143
2.6143
2.6145
2.6145
2.6151
2.6153
2.6152
2.6154
2.6154
2.6155
2.6152
2.6153
2.6152
2.6155
2.6156
2.6158
2.6159
2.616
2.6158
2.6157
2.6159
2.6159
2.616
2.6162
2.6164
2.6164
2.6163
2.6163
2.6165
2.6162
2.6165
2.6163
2.6161
2.6161
2.616
2.6159
2.616
2.6159
2.6157
2.6157
2.6155
2.6152
2.6151
2.6148
2.6148
2.6148
2.6146
2.6144
2.6145
2.614
2.6141
2.6138
2.6139
2.6136
2.6135
2.6133
2.6133
2.6132
2.613
2.6128
2.6128
2.6122
2.6119
2.6121
2.6119
2.6117
2.6114
2.6114
2.6113
2.611
2.6107
2.6105
2.6103
2.6101
2.6097
2.6095
2.6091
2.6087
2.6088
2.6085
2.6085
2.6082
2.608
2.6077
2.6075
2.6075
2.607
2.6065
2.6064
2.6061
2.6057
2.6052
2.6051
2.6046
2.6043
2.6041
2.6039
2.6037
2.6033
2.6032
2.6028
2.6025
2.6024
2.6022
2.6018
2.6013
2.6012
2.6009
2.6007
2.6005
2.6003
2.5998
2.5991
2.599
2.5988
2.5984
2.5982
2.5979
2.5976
2.5973
2.597
2.5966
2.5962
2.5958
2.5952
2.595
2.5947
2.5944
2.5942
2.594
2.5936
2.5933
2.593
2.5925
2.5925
2.5922
2.5919
2.5916
2.5914
2.5908
2.5905
2.5901
2.5898
2.5897
2.5894
2.5891
2.5885
2.5882
2.5879
2.5877
2.5873
2.5869
2.5869
2.5866
2.5864
2.5863
2.5858
2.5856
2.585
2.585
2.5847
2.5845
2.5841
2.5837
2.5834
2.5831
2.5829
2.5826
2.5825
2.5823
2.5818
2.5815
2.5816
2.5812
2.5813
2.5811
2.5808
2.5804
2.5803
2.5797
2.5797
2.5795
2.5792
2.5789
2.5789
2.5787
2.5787
2.5785
2.5783
2.5779
2.5775
2.5773
2.5772
2.5771
2.577
2.5769
2.5767
2.5767
2.5764
2.5765
2.5762
2.5762
2.5759
2.5756
2.5754
2.5754
2.5751
2.5748
2.5746
2.5746
2.5747
2.5746
2.5745
2.5742
2.5742
2.5743
2.5741
2.574
2.5739
2.5739
2.574
2.5736
2.5736
2.5735
2.5734
2.5735
2.5735
2.5734
2.5734
2.5734
2.5734
2.5734
2.5732
2.5732
2.5731
2.5732
2.5728
2.5726
2.5729
2.5729
2.5727
2.5731
2.5731
2.5729
2.5729
2.5733
2.5734
2.5734
2.5734
2.5733
2.5733
2.5736
2.5736
2.5737
2.5737
2.5738
2.5736
2.5736
2.574
2.574
2.574
2.5743
2.5741
2.5744
2.5744
2.5746
2.5746
2.5749
2.5748
2.575
2.5752
2.5752
2.5753
2.5753
2.5754
2.5757
2.576
2.5761
2.5759
2.5762
2.5764
2.5766
2.5767
2.5767
2.5772
2.5774
2.5776
2.5777
2.5779
2.5779
2.5781
2.5782
2.5787
2.5789
2.5789
2.579
2.5794
2.5794
2.5794
2.5797
2.5798
2.5799
2.5803
2.5805
2.5808
2.5809
2.5811
2.5815
2.5818
2.5819
2.5821
2.5823
2.5824
2.5826
2.583
2.583
2.5833
2.5837
2.5838
2.5841
2.5846
2.5848
2.5848
2.585
2.585
2.5854
2.5853
2.5856
2.586
2.5861
2.5865
2.5868
2.5872
2.5873
2.5875
2.5878
2.5878
2.5881
2.5882
2.5885
2.5886
2.5889
2.589
2.5894
2.5898
2.5902
2.5903
2.5905
2.5907
2.5909
2.591
2.5912
2.5915
2.5919
2.5922
2.5924
2.5927
2.5929
2.5931
2.593
2.5935
2.5931
2.5937
2.594
2.5943
2.5945
2.595
2.595
2.5955
2.5958
2.596
2.5959
2.5961
2.5964
2.5962
2.5965
2.5966
2.597
2.5971
2.5975
2.5977
2.5979
2.5982
2.5985
2.5986
2.5987
2.5987
2.5989
2.5991
2.5991
2.5991
2.5991
2.5994
2.5997
2.5997
2.6001
2.5998
2.6003
2.6004
2.6007
2.6008
2.601
2.6012
2.6015
2.6017
2.6017
2.6016
2.6015
2.6017
2.6019
2.6018
2.6019
2.6019
2.6019
2.6021
2.6023
2.6026
2.6025
2.6027
2.6026
2.6027
2.6026
2.6028
2.603
2.6031
2.6032
2.6035
2.6034
2.6034
2.6033
2.6036
2.6036
2.6034
2.6038
2.6038
2.6037
2.6037
2.6041
2.604
2.6042
2.6042
2.6041
2.604
2.6041
2.604
2.604
2.6042
2.6038
2.6039
2.604
2.6041
2.604
2.604
2.6041
2.6043
2.6042
2.6041
2.604
2.6037
2.604
2.6039
2.604
2.604
2.6037
2.6037
2.6039
2.6037
2.6036
2.6037
2.6034
2.6035
2.6031
2.603
2.6031
2.6029
2.6029
2.6028
2.603
2.6029
2.6029
2.6028
2.6026
2.6022
2.6021
2.6023
2.6024
2.6021
2.602
2.6019
2.6019
2.6016
2.6017
2.6012
2.6011
2.601
2.601
2.6006
2.6007
2.6006
2.6004
2.6003
2.6003
2.6001
2.5997
2.5996
2.5996
2.5994
2.5991
2.5989
2.5986
2.5986
2.5985
2.5987
2.5981
2.598
2.598
2.5979
2.5978
2.5976
2.5974
2.5972
2.5969
2.5969
2.5964
2.5965
2.5963
2.5962
2.5959
2.5956
2.5957
2.5954
2.5953
2.5951
2.5951
2.5949
2.5947
2.5946
2.5945
2.5946
2.5943
2.5942
2.594
2.594
2.5936
2.5934
2.5933
2.593
2.5927
2.5926
2.5925
2.5921
2.5922
2.5917
2.5915
2.5913
2.5911
2.5908
2.5908
2.5906
2.5907
2.5905
2.5906
2.5903
2.5901
2.59
2.5896
2.5895
2.5893
2.5891
2.5888
2.5888
2.5885
2.5882
2.5883
2.5884
2.5883
2.5882
2.588
2.5875
2.5876
2.5876
2.5874
2.5874
2.5872
2.5872
2.5869
2.587
2.5866
2.5863
2.5864
2.586
2.5859
2.5858
2.5858
2.5858
2.5854
2.5852
2.5853
2.5853
2.5851
2.585
2.5849
2.5847
2.5844
2.5842
2.5842
2.5841
2.5839
2.5838
2.5836
2.5837
2.5834
2.5834
2.5831
2.5829
2.5829
2.5831
2.583
2.5831
2.5827
2.5831
2.5829
2.5827
2.5828
2.5828
2.5827
2.5826
2.5827
2.5827
2.5824
2.5823
2.5821
2.5819
2.5819
2.582
2.5817
2.5815
2.5814
2.5812
2.5816
2.5815
2.5814
2.5816
2.5816
2.5816
2.5816
2.5816
2.5816
2.5818
2.5817
2.5812
2.5814
2.5817
2.5811
2.5812
2.581
2.5813
2.5811
2.581
2.581
2.581
2.581
2.5812
2.5812
2.5811
2.581
2.5813
2.5821
2.5815
2.5815
2.5813
2.5811
2.5812
2.5811
2.5813
2.5815
2.5815
2.5815
2.5819
2.5818
2.5821
2.5823
2.5819
2.5821
2.5823
2.5822
2.5823
2.5822
2.5822
2.5825
2.5822
2.5825
2.5827
2.5826
2.5824
2.5827
2.5831
2.5829
2.583
2.5828
2.5831
2.5831
2.5834
2.5837
2.5835
2.5833
2.5834
2.5837
2.584
2.584
2.5841
2.5842
2.5841
2.5839
2.584
2.5844
2.5846
2.5849
2.5848
2.5847
2.5852
2.5851
2.5851
2.5851
2.5854
2.5856
2.5857
2.5859
2.586
2.5857
2.586
2.5864
2.5864
2.5866
2.5866
2.5865
2.5867
2.5866
2.5866
2.5869
2.5869
2.5872
2.5873
2.5875
2.5877
2.5879
2.5881
2.5884
2.5884
2.5886
2.5885
2.5886
2.5888
2.5888
2.5886
2.589
2.5893
2.5895
2.5895
2.5894
2.5896
2.5897
2.5898
2.59
2.5901
2.5904
2.5905
2.5906
2.5909
2.591
2.5911
2.5913
2.5914
2.5915
2.5914
2.5914
2.5916
2.5918
2.5921
2.5921
2.5922
2.5923
2.5926
2.5928
2.5927
2.5929
2.5929
2.5932
2.5933
2.5932
2.5934
2.5935
2.5935
2.5938
2.594
2.5939
2.5941
2.5943
2.5944
2.5943
2.5946
2.5947
2.5948
2.5948
2.595
2.5948
2.5948
2.5949
2.5953
2.5954
2.5959
2.5959
2.5958
2.5959
2.596
2.596
2.5963
2.5961
2.5961
2.5959
2.5961
2.5962
2.5963
2.5964
2.5965
2.5963
2.5966
2.5969
2.5968
2.5967
2.597
2.5973
2.597
2.597
2.5971
2.5972
2.5971
2.5971
2.5972
2.5972
2.5974
2.5974
2.5976
2.5976
2.5977
2.5977
2.598
2.5981
2.5977
2.598
2.5979
2.5978
2.5979
2.598
2.598
2.5981
2.598
2.5982
2.5985
2.5983
2.5985
2.5985
2.5984
2.5986
2.5981
2.5981
2.598
2.5976
2.5979
2.5979
2.5982
2.598
2.5984
2.5986
2.5984
2.5984
2.5983
2.5983
2.5983
2.5981
2.5979
2.5978
2.5981
2.5981
2.5978
2.5978
2.5976
2.5977
2.5976
2.5976
2.5974
2.5975
2.5975
2.5975
2.5975
2.5976
2.5974
2.5976
2.5975
2.5974
2.5972
2.597
2.597
2.5971
2.5969
2.5966
2.5967
2.5966
2.5964
2.5966
2.5964
2.5964
2.5962
2.5962
2.596
2.5963
2.5962
2.5961
2.596
2.596
2.5958
2.5957
2.5956
2.5955
2.5955
2.5955
2.5952
2.5954
2.5957
2.5953
2.5953
2.595
2.595
2.595
2.5945
2.5943
2.5945
2.5946
2.5943
2.5943
2.5942
2.5942
2.594
2.5939
2.5936
2.5933
2.5932
2.5933
2.5933
2.5933
2.593
2.5931
2.593
2.5931
2.5929
2.5929
2.5928
2.5929
2.5926
2.5926
2.5926
2.5921
2.5923
2.5923
2.5922
2.5923
2.5921
2.5918
2.5918
2.5917
2.5917
2.5915
2.5914
2.5909
2.5907
2.5909
2.591
2.5908
2.5908
2.5907
2.5907
2.5908
2.5908
2.5909
2.5907
2.5908
2.5908
2.5906
2.5903
2.5902
2.59
2.59
2.5899
2.5896
2.5894
2.5894
2.5892
2.5891
2.589
2.5892
2.5892
2.5893
2.5892
2.5892
2.5891
2.589
2.5888
2.5887
2.5883
2.5884
2.588
2.5881
2.5877
2.5878
2.5879
2.5878
2.5875
2.5877
2.5877
2.5878
2.5878
2.5874
2.5871
2.5875
2.5872
2.5873
2.5872
2.5871
2.5873
2.5871
2.587
2.587
2.5871
2.5869
2.5869
2.5867
2.5864
2.5864
2.5864
2.5863
2.5863
2.5863
2.5863
2.5863
2.5864
2.5863
2.5861
2.5863
2.586
2.586
2.5861
2.5861
2.586
2.586
2.5862
2.5859
2.5859
2.5858
2.5857
2.5858
2.5857
2.5857
2.5856
2.5857
2.5857
2.586
2.5859
2.5858
2.5859
2.5859
2.5862
2.586
2.5859
2.5858
2.5856
2.5858
2.5857
2.5857
2.5855
2.5855
2.5854
2.5853
2.5855
2.5852
2.5853
2.5856
2.5859
2.5857
2.5857
2.5858
2.5858
2.5861
2.5857
2.586
2.586
2.586
2.5859
2.586
2.586
2.5858
2.5858
2.5859
2.5861
2.5858
2.586
2.586
2.5863
2.5863
2.5863
2.5864
2.5864
2.5863
2.5865
2.5864
2.5866
2.5864
2.5864
2.5867
2.5866
2.5867
2.5868
2.5869
2.5867
2.5865
2.5868
2.5871
2.5871
2.587
2.5871
2.5872
2.5875
2.5874
2.5876
2.5873
2.5874
2.5878
2.5876
2.5876
2.5877
2.5873
2.5874
2.5875
2.5879
2.5877
2.5879
2.5882
2.588
2.588
2.5883
2.5881
2.5884
2.5883
2.5885
2.5885
2.5888
2.5888
2.5886
2.5888
2.589
2.5892
2.5891
2.5891
2.5892
2.5894
2.5893
2.5896
2.5895
2.5897
2.5896
2.5898
2.5899
2.5898
2.5897
2.5902
2.5897
2.5899
2.59
2.59
2.5903
2.5903
2.5905
2.5906
2.5904
2.5907
2.5907
2.5909
2.591
2.5909
2.5909
2.5907
2.5906
2.5909
2.5912
2.5911
2.5912
2.5911
2.5914
2.5914
2.5915
2.5916
2.5918
2.592
2.5922
2.5923
2.5922
2.5923
2.5922
2.5923
2.5924
2.5922
2.5923
2.5927
2.5924
2.5924
2.5923
2.5925
2.5928
2.5926
2.5927
2.5929
2.5929
2.5931
2.5929
2.5931
2.5933
2.5931
2.5934
2.5936
2.5932
2.5934
2.5934
2.5935
2.5935
2.5938
2.5936
2.5938
2.5938
2.5937
2.5937
2.5941
2.5939
2.5941
2.5943
2.5943
2.5942
2.5942
2.5945
2.5944
2.5944
2.5945
2.5945
2.5948
2.5947
2.5946
2.5948
2.5947
2.595
2.5949
2.5949
2.5947
2.5949
2.5951
2.595
2.5952
2.5953
2.5951
2.5951
2.5948
2.595
2.5949
2.5948
2.5946
2.5948
2.5947
2.5947
2.5949
2.5949
2.5948
2.5951
2.5952
2.5952
2.5953
2.5955
2.5953
2.595
2.5951
2.595
2.5949
2.5949
2.5951
2.5948
2.5949
2.5949
2.5951
2.5949
2.5948
2.5948
2.5948
2.5949
2.595
2.5947
2.595
2.5947
2.595
2.5953
2.5952
2.5953
2.5953
2.5951
2.5947
2.5947
2.5946
2.5946
2.5944
2.5946
2.5944
2.5948
2.5944
2.5946
2.5946
2.5946
2.5942
2.594
2.5945
2.5943
2.5946
2.5946
2.5943
2.5943
2.594
2.5941
2.5938
2.5941
2.5941
2.5942
2.5939
2.5938
2.5937
2.5939
2.5937
2.5937
2.5939
2.5938
2.5935
2.5937
2.5937
2.5935
2.5938
2.5939
2.5935
2.5935
2.5934
2.5935
2.593
2.5929
2.5925
2.593
2.5929
2.5928
2.5928
2.5928
2.5929
2.593
2.5929
2.5928
2.5924
2.5925
2.5925
2.5927
2.5924
2.5923
2.5925
2.5926
2.5924
2.5925
2.5921
2.592
2.5921
2.5921
2.5918
2.5917
2.5919
2.5919
2.5918
2.5917
2.5915
2.5912
2.5913
2.5913
2.5913
2.5911
2.5909
2.5908
2.5909
2.5907
2.5906
2.5906
2.5905
2.5903
2.5904
2.5903
2.5904
2.5905
2.5904
2.5904
2.5902
2.5903
2.5902
2.59
2.5898
2.5901
2.5899
2.5898
2.5899
2.5899
2.5897
2.5896
2.5896
2.5896
2.5895
2.5897
2.5895
2.5896
2.5896
2.5892
2.5891
2.589
2.5889
2.589
2.5891
2.589
2.589
2.5888
2.5889
2.5889
2.5887
2.5886
2.5886
2.5887
2.5886
2.5884
2.5884
2.5886
2.5885
2.588
2.5883
2.5885
2.5883
2.5884
2.5883
2.588
2.5881
2.5878
2.588
2.5881
2.5882
2.5881
2.5879
2.5879
2.588
2.5879
2.5882
2.5882
2.5882
2.5883
2.5883
2.5882
2.588
2.588
2.5877
2.5879
2.588
2.5878
2.5878
2.5879
2.5877
2.5878
2.5877
2.5876
2.5878
2.5879
2.5876
2.5876
2.5878
2.5876
2.5876
2.5878
2.5876
2.5877
2.5877
2.5879
2.5876
2.5876
2.5876
2.5876
2.5876
2.5876
2.5874
2.5877
2.5878
2.5873
2.5876
2.5876
2.588
2.5879
2.5878
2.5877
2.5877
2.5878
2.5876
2.5878
2.5881
2.5881
2.5882
2.5881
2.5881
2.5881
2.5882
2.5883
2.5883
2.5882
2.5885
2.5884
2.5883
2.5884
2.5881
2.5885
2.5883
2.5884
2.5884
2.5883
2.5884
2.5884
2.5887
2.5886
2.5884
2.5887
2.5886
2.5886
2.5887
2.5888
2.5887
2.5886
2.5887
2.5887
2.5885
2.5888
2.5885
2.5886
2.5886
2.5889
2.5888
2.589
2.589
2.589
2.5891
2.5891
2.589
2.5893
2.5892
2.5891
2.5891
2.5894
2.5893
2.5891
2.5893
2.5893
2.5893
2.5894
2.5894
2.5895
2.5894
2.5896
2.5896
2.5896
2.59
2.5898
2.5901
2.5902
2.5904
2.5904
2.5905
2.5903
2.5903
2.5901
2.5902
2.59
2.5899
2.5901
2.5899
2.5899
2.59
2.5898
2.5902
2.5901
2.5903
2.5904
2.5904
2.5907
2.5905
2.5909
2.5909
2.5912
2.5911
2.5907
2.5907
2.5909
2.5911
2.591
2.591
2.5913
2.5914
2.5915
2.5915
2.5911
2.5911
2.5912
2.5911
2.5913
2.5913
2.5913
2.5915
2.5914
2.5914
2.5915
2.5913
2.5914
2.5916
2.5913
2.5915
2.5915
2.5916
2.5913
2.5916
2.5916
2.5917
2.5917
2.5919
2.592
2.5919
2.5918
2.5921
2.5924
2.5924
2.5924
2.5923
2.5922
2.5922
2.5921
2.5924
2.5921
2.5923
2.5922
2.5921
2.5925
2.5922
2.5925
2.5923
2.5923
2.5928
2.5926
2.5924
2.5924
2.5925
2.5927
2.5928
2.5927
2.5927
2.5925
2.5929
2.5928
2.5928
2.5928
2.5927
2.5927
2.5926
2.5924
2.5926
2.5924
2.5927
2.5931
2.593
2.5931
2.593
2.5931
2.593
2.5932
2.5934
2.5933
2.593
2.5929
2.593
2.5927
2.5929
2.5927
2.5927
2.5928
2.5927
2.5929
2.5928
2.5928
2.5931
2.593
2.5933
2.5935
2.5935
2.5931
2.5931
2.5933
2.5932
2.5931
2.5929
2.5926
2.5931
2.593
2.5932
2.5932
2.593
2.5931
2.5931
2.5934
2.5932
2.5933
2.5931
2.5931
2.5931
2.593
2.5929
2.593
2.5928
2.5925
2.5927
2.5927
2.5927
2.5927
2.5925
2.5926
2.5927
2.5927
2.5927
2.5926
2.5926
2.5927
2.5926
2.5927
2.5928
2.5927
2.5926
2.5928
2.5928
2.5927
2.5925
2.5923
2.5924
2.5925
2.5925
2.5924
2.5926
2.5924
2.5923
2.5923
2.5924
2.5925
2.5923
2.5921
2.5923
2.5923
2.5923
2.5921
2.5921
2.592
2.5922
2.592
2.592
2.5919
2.5917
2.5918
2.5916
2.5915
2.5918
2.5916
2.5917
2.5916
2.5916
2.5919
2.5919
2.5918
2.5919
2.5916
2.5917
2.5917
2.5917
2.5918
2.5917
2.5915
2.5916
2.5916
2.5915
2.5915
2.5916
2.5915
2.5914
2.5914
2.5914
2.5911
2.5912
2.5911
2.5914
2.5914
2.5912
2.5911
2.5913
2.591
2.5908
2.5909
2.591
2.5908
2.5907
2.5906
2.5904
2.5906
2.5906
2.5909
2.5906
2.5907
2.5906
2.5904
2.5902
2.5902
2.5902
2.5902
2.5903
2.5903
2.5903
2.5906
2.5902
2.5903
2.5903
2.5901
2.5901
2.5902
2.5902
2.5903
2.5901
2.59
2.5899
2.59
2.59
2.5899
2.59
2.5899
2.59
2.5901
2.5901
2.5901
2.5901
2.5902
2.5901
2.5902
2.5898
2.5898
2.5896
2.5895
2.5895
2.5897
2.5895
2.5896
2.5895
2.5897
2.5892
2.5893
2.5892
2.5893
2.5893
2.5893
2.5892
2.589
2.5891
2.5891
2.5893
2.5892
2.589
2.589
2.5889
2.5888
2.5886
2.5889
2.589
2.5892
2.5892
2.5893
2.5894
2.5895
2.5894
2.5894
2.5891
2.5891
2.5889
2.5889
2.5889
2.5888
2.5887
2.5888
2.5886
2.5889
2.5889
2.5892
2.5891
2.589
2.5889
2.5888
2.5887
2.5888
2.5888
2.5887
2.5887
2.5888
2.589
2.589
2.589
2.5891
2.5888
2.5889
2.5889
2.5888
2.5888
2.5888
2.5889
2.5888
2.5889
2.5889
2.5889
2.589
2.5888
2.5887
2.5891
2.5889
2.5886
2.5887
2.5891
2.589
2.5891
2.5889
2.5888
2.5891
2.5891
2.5888
2.589
2.5892
2.5893
2.5892
2.5894
2.5891
2.5892
2.5892
2.5896
2.5895
2.5895
2.5897
2.5893
2.5889
2.5892
2.5894
2.5894
2.5894
2.5897
2.5896
2.5896
2.5897
2.5895
2.5894
2.5895
2.5893
2.5895
2.5895
2.5895
2.5898
2.5898
2.5897
2.5895
2.5896
2.5896
2.5897
2.5896
2.5895
2.5896
2.5895
2.5898
2.5901
2.5902
2.5901
2.5902
2.5903
2.5901
2.5901
2.5903
2.5903
2.5901
2.5902
2.5903
2.5902
2.5902
2.5904
2.5902
2.5903
2.5903
2.59
2.5898
2.5902
2.5898
2.5902
2.5905
2.5906
2.5904
2.5903
2.5905
2.5906
2.5905
2.5905
2.5904
2.5907
2.5906
2.5904
2.5906
2.5908
2.5907
2.591
2.591
2.591
2.5909
2.5911
2.5911
2.591
2.5911
2.5911
2.5911
2.5908
2.5906
2.5908
2.5911
2.591
2.591
2.5909
2.5911
2.591
2.5908
2.5914
2.5914
2.5916
2.5915
2.5912
2.5915
2.5917
2.5917
2.5919
2.5917
2.5916
2.5916
2.5914
2.5915
2.5915
2.5916
2.5917
2.5917
2.5918
2.592
2.592
2.5919
2.5917
2.5919
2.592
2.592
2.5918
2.5917
2.5917
2.5919
2.5918
2.5917
2.5921
2.5921
2.592
2.5923
2.5925
2.5923
2.5921
2.592
2.592
2.5919
2.5919
2.592
2.592
2.5922
2.592
2.5921
2.5921
2.5921
2.5922
2.5922
2.5919
2.592
2.5919
2.592
2.592
2.5922
2.5925
2.5925
2.5926
2.5924
2.5923
2.5923
2.5925
2.5924
2.5925
2.5923
2.5922
2.5923
2.5924
2.5922
2.5921
2.5922
2.5923
2.5921
2.5921
2.5923
2.5923
2.5919
2.5923
2.5923
2.5922
2.592
2.5921
2.5924
2.5922
2.5922
2.5922
2.5922
2.5921
2.592
2.5917
2.5919
2.5918
2.5918
2.5921
2.5922
2.5921
2.5922
2.5921
2.5919
2.592
2.5917
2.5918
2.5914
2.5915
2.5916
2.5914
2.5913
2.5914
2.5916
2.5916
2.5916
2.5917
2.5915
2.5915
2.5916
2.5916
2.5915
2.5917
2.5914
2.5912
2.5915
2.5916
2.5915
2.5916
2.5915
2.5916
2.5912
2.5913
2.5912
2.5915
2.5915
2.5914
2.5916
2.5915
2.5912
2.5913
2.5909
2.5912
2.5912
2.5912
2.5913
2.5913
2.5916
2.5909
2.5911
2.5912
2.5913
2.5909
2.591
2.5909
2.5909
2.591
2.5909
2.5911
2.5908
2.5909
2.5907
2.5907
2.591
2.5909
2.5909
2.5909
2.5909
2.5906
2.5905
2.5905
2.5907
2.5905
2.5908
2.5904
2.5906
2.5906
2.5907
2.5905
2.5903
2.5901
2.5902
2.5902
2.5902
2.5904
2.5905
2.5906
2.5907
2.5905
2.5906
2.5902
2.5906
2.5903
2.5904
2.5903
2.5905
2.5902
2.5905
2.5903
2.5905
2.5904
2.5904
2.5903
2.5902
2.5903
2.5902
2.5903
2.5905
2.5904
2.5904
2.5906
2.5904
2.5904
2.5901
2.5899
2.5901
2.5901
2.5899
2.5901
2.59
2.5902
2.5901
2.5901
2.59
2.5898
2.59
2.59
2.5901
2.59
2.5901
2.5901
2.5903
2.5903
2.5901
2.5901
2.5901
2.5902
2.5899
2.5896
2.5897
2.59
2.5897
2.5899
2.5896
2.5898
2.59
2.5899
2.5902
2.5901
2.5898
2.5898
2.5898
2.5899
2.5899
2.5899
2.5899
2.5899
2.5897
2.5899
2.5898
2.5899
2.5896
2.5897
2.5901
2.5899
2.5901
2.59
2.5901
2.59
2.59
2.59
2.59
2.5901
2.5899
2.5898
2.5898
2.5899
2.5898
2.5894
2.5897
2.5898
2.5899
2.59
2.5898
2.5899
2.5902
2.59
2.5898
2.59
2.59
2.5896
2.5897
2.5898
2.5896
2.5897
2.5899
2.5901
2.59
2.59
2.5902
2.5901
2.5899
2.59
2.5903
2.5903
2.5903
2.5902
2.5902
2.5902
2.5902
2.5897
2.5899
2.59
2.5902
2.5902
2.5901
2.5905
2.5906
2.5904
2.5906
2.5904
2.5906
2.5905
2.5903
2.5903
2.5901
2.5903
2.5902
2.5901
2.5898
2.5898
2.59
2.59
2.5901
2.5902
2.5903
2.5903
2.5903
2.5903
2.5903
2.5903
2.5903
2.5902
2.5904
2.5903
2.5903
2.5904
2.5906
2.5907
2.5905
2.5906
2.5908
2.5908
2.5908
2.5907
2.5904
2.5905
2.5905
2.5902
2.5901
2.5901
2.5905
2.5906
2.5904
2.5903
2.5908
2.5907
2.5905
2.5907
2.5909
2.5909
2.5911
2.5908
2.591
2.5909
2.5908
2.5907
2.5908
2.5909
2.5907
2.5907
2.5904
2.5904
2.5909
2.5907
2.5912
2.5911
2.5914
2.5914
2.5915
2.5914
2.5912
2.5914
2.5912
2.5915
2.5911
2.5911
2.591
2.5908
2.5908
2.5906
2.5907
2.591
2.5909
2.5911
2.5912
2.5912
2.5912
2.5914
2.5914
2.5914
2.5913
2.5915
2.5912
2.5912
2.5912
2.5912
2.5912
2.5911
2.5911
2.5911
2.5912
2.5913
2.5911
2.591
2.5913
2.5913
2.5912
2.5913
2.5914
2.5915
2.5915
2.5915
2.5915
2.5913
2.5914
2.5916
2.5916
2.5915
2.5916
2.5917
2.5915
2.5917
2.5913
2.5913
2.5911
2.5911
2.591
2.5913
2.5913
2.5913
2.5913
2.5916
2.5914
2.5918
2.5915
2.5916
2.5916
2.5916
2.5917
2.5916
2.5918
2.5917
2.5914
2.5913
2.5914
2.5914
2.5912
2.5915
2.5915
2.5914
2.5918
2.5918
2.5916
2.5918
2.5917
2.5915
2.5916
2.5914
2.5915
2.5913
2.5914
2.5914
2.5915
2.5914
2.5913
2.5916
2.5917
2.5918
2.5916
2.5915
2.5915
2.5918
2.5916
2.5917
2.5918
2.5918
2.5918
2.5918
2.5917
2.5916
2.5915
2.5916
2.5916
2.5913
2.5917
2.5917
2.5916
2.5918
2.5915
2.5914
2.5914
2.5915
2.5914
2.5917
2.5914
2.5916
2.5914
2.5913
2.5912
2.5914
2.5913
2.5914
2.5913
2.5913
2.5914
2.5913
2.5914
2.5916
2.5917
2.5918
2.5917
2.5914
2.5915
2.5915
2.5916
2.5915
2.5914
2.5915
2.5916
2.5914
2.5916
2.5916
2.5912
2.5913
2.591
2.5912
2.5913
2.5913
2.5913
2.5914
2.5911
2.5914
2.5915
2.591
2.5912
2.5914
2.5913
2.5913
2.5916
2.5914
2.5916
2.5915
2.5917
2.5916
2.5913
2.5914
2.5914
2.5914
2.5913
2.5912
2.5917
2.5915
2.5913
2.5912
2.5912
2.5911
2.5912
2.5911
2.5911
2.5912
2.5911
2.5909
2.5911
2.591
2.5908
2.5909
2.5909
2.5909
2.5909
2.5908
2.5908
2.5908
2.5908
2.5907
2.5908
2.5907
2.5908
2.5908
2.5907
2.5907
2.5907
2.5906
2.5907
2.591
2.5908
2.5905
2.5906
2.5905
2.5906
2.5908
2.5906
2.5904
2.5906
2.5907
2.5904
2.5905
2.5903
2.5902
2.5902
2.5901
2.5903
2.5905
2.5906
2.5907
2.5906
2.5907
2.5908
2.5905
2.5905
2.5905
2.5905
2.5905
2.5903
2.5904
2.5905
2.5904
2.5903
2.5903
2.5901
2.5901
2.5901
2.5902
2.5905
2.5903
2.5904
2.5905
2.5902
2.5902
2.5901
2.5903
2.5899
2.5898
2.59
2.5899
2.5898
2.5898
2.5902
2.5904
2.5905
2.5902
2.5904
2.5904
2.5904
2.5902
2.5901
2.5902
2.59
2.59
2.59
2.5902
2.5901
2.5903
2.5902
2.5903
2.5901
2.5901
2.5898
2.5899
2.59
2.5901
2.5902
2.5902
2.5901
2.59
2.59
2.5901
2.5902
2.5903
2.5899
2.5901
2.5902
2.5901
2.5903
2.5901
2.5902
2.5902
2.5906
2.5906
2.5904
2.5904
2.5903
2.5902
2.5902
2.5901
2.5901
2.5902
2.5903
2.5904
2.5903
2.5903
2.5901
2.5904
2.5905
2.5903
2.5902
2.5903
2.5905
2.5904
2.5904
2.5904
2.5907
2.5907
2.5906
2.5906
2.5904
2.5904
2.5903
2.5904
2.5906
2.5905
2.59
2.5904
2.5906
2.5905
2.5905
2.5908
2.5904
2.5906
2.5907
2.5908
2.5905
2.5904
2.5903
2.5901
2.5902
2.5903
2.5905
2.5903
2.5905
2.5909
2.5908
2.5907
2.5908
2.5905
2.5905
2.5905
2.591
2.5907
2.5905
2.5907
2.5906
2.5907
2.5904
2.5907
2.591
2.5908
2.5908
2.5909
2.5909
2.5907
2.5907
2.5906
2.5908
2.5908
2.5909
2.5909
2.5908
2.591
2.5908
2.5909
2.591
2.591
2.5908
2.5909
2.5907
2.5908
2.5909
2.5911
2.5914
2.5913
2.591
2.5912
2.5914
2.591
2.591
2.5911
2.5909
2.5911
2.5912
2.5911
2.5912
2.5913
2.5915
2.5914
2.5911
2.5914
2.5915
2.5912
2.591
2.5915
2.5912
2.5909
2.5912
2.591
2.5909
2.5911
2.5911
2.5912
2.5912
2.5913
2.5912
2.5913
2.5914
2.5912
2.5914
2.5913
2.5914
2.5917
2.5919
2.5918
2.5916
2.5917
2.5917
2.5914
2.5913
2.5912
2.5914
2.5914
2.5913
2.5913
2.5913
2.5912
2.5915
2.5916
2.5914
2.5915
2.5913
2.5913
2.5912
2.5912
2.5912
2.5913
2.5913
2.5915
2.5916
2.5915
2.5915
2.5913
2.5913
2.5914
2.5913
2.5913
2.5914
2.5916
2.5915
2.5915
2.5917
2.5919
2.592
2.5918
2.5917
2.5916
2.5914
2.5912
2.5913
2.5912
2.5913
2.5914
2.5913
2.5911
2.5911
2.5913
2.5914
2.5913
2.5915
2.5916
2.5915
2.5914
2.5915
2.5915
2.5914
2.5913
2.5911
2.5909
2.5911
2.5912
2.5914
2.5914
2.5911
2.5912
2.5911
2.591
2.591
2.5911
2.5911
2.5912
2.5911
2.5912
2.5911
2.5912
2.5914
2.5914
2.5912
2.5913
2.5915
2.5913
2.5914
2.5914
2.5912
2.5913
2.5913
2.5914
2.5913
2.5913
2.5914
2.5913
2.5912
2.5914
2.5912
2.5911
2.5913
2.5911
2.5912
2.5911
2.5912
2.5913
2.5911
2.5911
2.5911
2.5909
2.5909
2.5909
2.5909
2.5909
2.591
2.5909
2.5909
2.591
2.5913
2.591
2.5911
2.591
2.5907
2.5908
2.5908
2.5908
2.5907
2.5909
2.591
2.591
2.5908
2.5906
2.5909
2.5907
2.5909
2.5904
2.5904
2.5903
2.5903
2.5903
2.5904
2.5907
2.591
2.5909
2.5908
2.5909
2.5909
2.5907
2.5907
2.5905
2.5904
2.5903
2.5904
2.5904
2.5906
2.5905
2.5903
2.5905
2.5907
2.5908
2.5905
2.5904
2.5904
2.5905
2.5907
2.5905
2.5906
2.5907
2.5908
2.5909
2.5908
2.5906
2.5908
2.5908
2.5907
2.5909
2.5908
2.5909
2.5909
2.5907
2.5907
2.5909
2.5908
2.5905
2.5905
2.5902
2.5905
2.5903
2.5902
2.5905
2.5902
2.5902
2.5903
2.5903
2.5904
2.5903
2.5904
2.5905
2.5905
2.5905
2.5906
2.5906
2.5906
2.5903
2.5903
2.5907
2.5906
2.5905
2.5905
2.5906
2.5905
2.5905
2.5905
2.5905
2.5902
2.5902
2.5901
2.5902
2.5902
2.5901
2.5903
2.5903
2.5904
2.5904
2.5905
2.5904
2.5902
2.5904
2.5903
2.5902
2.5901
2.59
2.59
2.5901
2.5902
2.5901
2.5904
2.5903
2.59
2.59
2.5903
2.5901
2.5903
2.5905
2.5903
2.5906
2.5907
2.5904
2.5905
2.5904
2.5904
2.5903
2.5902
2.5903
2.5905
2.5907
2.5905
2.5905
2.5908
2.5906
2.5907
2.5908
2.5907
2.5907
2.5908
2.5907
2.5907
2.5905
2.5904
2.5905
2.5904
2.5905
2.5903
2.5906
2.5906
2.5905
2.5905
2.5905
2.5907
2.5904
2.5905
2.5905
2.5903
2.5905
2.5903
2.5907
2.5907
2.5906
2.5905
2.5905
2.5903
2.5903
2.5902
2.5902
2.5902
2.5905
2.5905
2.5905
2.5904
2.5904
2.5907
2.5907
2.5908
2.5907
2.5909
2.5907
2.5908
2.5908
2.5909
2.5912
2.591
2.5909
2.5908
2.5909
2.5907
2.5908
2.5908
2.5909
2.5909
2.591
2.5908
2.5909
2.5905
2.5908
2.5906
2.5907
2.5909
2.591
2.5911
2.5909
2.591
2.5907
2.591
2.5908
2.5908
2.591
2.591
2.5909
2.5911
2.5911
2.5911
2.5911
2.5911
2.5909
2.5912
2.5911
2.5911
2.5908
2.5908
2.5908
2.591
2.5905
2.5908
2.5905
2.5908
2.5908
2.5908
2.5909
2.5906
2.5908
2.5907
2.591
2.5908
2.5909
2.5908
2.5912
2.5913
2.5913
2.5913
2.5913
2.5912
2.591
2.5907
2.591
2.591
2.5909
2.5907
2.5907
2.5909
2.5908
2.591
2.5908
2.591
2.5909
2.5914
2.5915
2.5915
2.5915
2.5913
2.5913
2.5914
2.5915
2.5914
2.591
2.591
2.5909
2.5908
2.5909
2.5912
2.5913
2.5912
2.591
2.5911
2.5913
2.5912
2.5914
2.5916
2.5916
2.5914
2.5914
2.5913
2.5914
2.5912
2.5914
2.5912
2.5913
2.5915
2.5914
2.5916
2.5916
2.5913
2.5915
2.5915
2.5914
2.5913
2.5915
2.5917
2.5917
2.5916
2.5915
2.5917
2.5916
2.5918
2.5918
2.5916
2.5918
2.592
2.5919
2.5914
2.5916
2.5914
2.5914
2.5916
2.5915
2.5914
2.5914
2.5916
2.5918
2.5916
2.5917
2.5916
2.5917
2.5917
2.5915
2.5914
2.5914
2.5913
2.5912
2.5916
2.5914
2.5914
2.5913
2.591
2.5911
2.5913
2.5912
2.5912
2.5914
2.5914
2.5915
2.5915
2.5914
2.5911
2.5911
2.5909
2.5911
2.5912
2.5911
2.5912
2.5912
2.5915
2.5913
2.5914
2.5913
2.5912
2.591
2.591
2.5908
2.5907
2.5909
2.5911
2.591
2.5913
2.5913
2.5913
2.5913
2.5912
2.5912
2.5912
2.591
2.5909
2.591
2.5908
2.5911
2.5912
2.5912
2.5913
2.5913
2.5914
2.591
2.5909
2.5911
2.5912
2.591
2.5908
2.5908
2.5908
2.5909
2.5911
2.5907
2.5908
2.5909
2.5906
2.5907
2.5904
2.5908
2.5906
2.5906
2.5905
2.5906
2.5909
2.5908
2.5905
2.5906
2.5902
2.5904
2.5903
2.5904
2.5905
2.5908
2.5906
2.5908
2.5908
2.591
2.591
2.5909
2.5909
2.591
2.591
2.5907
2.5907
2.5906
2.5906
2.5905
2.5906
2.5903
2.5904
2.5903
2.5904
2.5905
2.5908
2.5905
2.5905
2.5906
2.5904
2.5905
2.5905
2.5905
2.5905
2.5902
2.5903
2.5903
2.5903
2.5904
2.5904
2.5904
2.5903
2.5901
2.5904
2.5903
2.5903
2.5903
2.5905
2.5903
2.5901
2.5903
2.59
2.5899
2.5902
2.5901
2.5903
2.5902
2.5902
2.5901
2.59
2.5901
2.5903
2.5901
2.5899
2.5903
2.5901
2.59
2.5899
2.5903
2.5902
2.5901
2.5904
2.5902
2.5904
2.5903
2.5901
2.59
2.5902
2.5902
2.5903
2.5903
2.5905
2.5904
2.5903
2.5904
2.5905
2.5904
2.5906
2.5906
2.5907
2.5905
2.5903
2.5904
2.5904
2.5903
2.5904
2.5902
2.5903
2.5903
2.5903
2.5901
2.59
2.5899
2.5898
2.5899
2.59
2.59
2.59
2.5902
2.5902
2.5901
2.59
2.5902
2.5903
2.5902
2.5903
2.5902
2.59
2.5901
2.59
2.5903
2.5906
2.5905
2.5905
2.5905
2.5908
2.5908
2.5906
2.5904
2.5907
2.5908
2.5906
2.5904
2.5906
2.5905
2.5905
2.5901
2.5903
2.5903
2.5904
2.5903
2.5903
2.5905
2.5908
2.5908
2.5909
2.5907
2.5909
2.5911
2.5909
2.5907
2.5903
2.5907
2.5904
2.5903
2.5905
2.5908
2.5911
2.5909
2.5909
2.591
2.5912
2.5913
2.5909
2.591
2.5909
2.5909
2.5906
2.5908
2.5906
2.591
2.5909
2.5909
2.5909
2.5908
2.5909
2.5911
2.591
2.591
2.5914
2.5913
2.5912
2.5911
2.5913
2.5912
2.591
2.591
2.5913
2.5912
2.5911
2.5911
2.591
2.5911
2.5913
2.5912
2.5913
2.5913
2.5915
2.5915
2.5914
2.5915
2.5913
2.5916
2.5915
2.5914
2.591
2.5913
2.591
2.5913
2.5911
2.591
2.591
2.5909
2.5912
2.5911
2.5912
2.5913
2.5915
2.5914
2.5914
2.5915
2.5911
2.5912
2.591
2.591
2.591
2.5913
2.5912
2.5913
2.5911
2.5912
2.5913
2.5915
2.5913
2.5913
2.5913
2.5913
2.5912
2.5914
2.5911
2.5911
2.5912
2.5913
2.5913
2.5911
2.591
2.5912
2.5913
2.5912
2.5915
2.5913
2.5914
2.5912
2.5912
2.5912
2.591
2.5914
2.5912
2.5913
2.5914
2.5915
2.5913
2.5909
2.5913
2.591
2.5913
2.591
2.5911
2.591
2.5911
2.5909
2.5913
2.5911
2.5913
2.5912
2.5912
2.591
2.5912
2.5912
2.5912
2.5913
2.5916
2.5913
2.5911
2.5915
2.5913
2.5914
2.5913
2.5913
2.5913
2.5914
2.5914
2.5913
2.5912
2.5911
2.5913
2.5913
2.5913
2.5911
2.5912
2.5913
2.591
2.591
2.5911
2.5911
2.5913
2.5916
2.5911
2.5912
2.591
2.5912
2.5914
2.5911
2.5912
2.5915
2.5914
2.5914
2.5911
2.5913
2.5913
2.5913
2.5912
2.5912
2.5913
2.5912
2.5911
2.5915
2.5911
2.5911
2.5912
2.5912
2.5912
2.5911
2.591
2.591
2.5911
2.5913
2.5915
2.5914
2.5915
2.5914
2.5915
2.5912
2.5911
2.5912
2.591
2.5911
2.5908
2.591
2.5913
2.5912
2.5913
2.5911
2.5911
2.5911
2.591
2.5907
2.5909
2.5911
2.5909
2.591
2.591
2.5911
2.5911
2.5913
2.5911
2.5908
2.5908
2.5909
2.5911
2.5909
2.5907
2.5906
2.5908
2.5908
2.5908
2.5911
2.5909
2.5909
2.5909
2.5911
2.5911
2.5911
2.591
2.591
2.5909
2.5909
2.5907
2.5907
2.5906
2.5907
2.5908
2.5908
2.5912
2.5911
2.5912
2.5911
2.5908
2.5908
2.5914
2.5909
2.5909
2.5908
2.5907
2.591
2.5908
2.5906
2.5907
2.5904
2.5907
2.5909
2.5906
2.5908
2.5906
2.5905
2.5907
2.5905
2.5901
2.5904
2.5903
2.5901
2.5902
2.5901
2.5903
2.5904
2.5902
2.5902
2.5903
2.5905
2.5903
2.5906
2.5906
2.5905
2.5905
2.5904
2.5905
2.5903
2.5903
2.5902
2.5904
2.5903
2.5901
2.5904
2.5904
2.5904
2.5904
2.5904
2.5906
2.5906
2.5905
2.5904
2.5906
2.5906
2.5906
2.5904
2.5903
2.5904
2.5904
2.5905
2.5902
2.5901
2.5902
2.5904
2.5903
2.5903
2.5901
2.5899
2.59
2.5903
2.5901
2.5901
2.5902
2.59
2.5902
2.5901
2.5903
2.5902
2.5901
2.5903
2.5902
2.5903
2.5903
2.5905
2.5903
2.59
2.5902
2.5901
2.5897
2.5896
2.5899
2.5899
2.5902
2.59
2.5899
2.5901
2.5901
2.5898
2.5901
2.5903
2.59
2.5903
2.5902
2.5901
2.5905
2.5904
2.5902
2.5902
2.5902
2.5902
2.5901
2.5903
2.5903
2.5905
2.5902
2.5903
2.5904
2.5902
2.5903
2.59
2.5903
2.5901
2.5901
2.5901
2.5901
2.5901
2.5901
2.5905
2.5904
2.5904
2.5905
2.5904
2.5905
2.5905
2.5904
2.5906
2.5904
2.5903
2.5907
2.5904
2.5901
2.5902
2.59
2.59
2.5902
2.5902
2.5905
2.5901
2.5903
2.5907
2.5905
2.5906
2.5904
2.5905
2.5906
2.5907
2.5906
2.5904
2.5905
2.5904
2.5904
2.5904
2.5905
2.5904
2.5904
2.5907
2.5905
2.5906
2.5907
2.5905
2.5907
2.5906
2.5906
2.5906
2.5909
2.591
2.5909
2.5908
2.5907
2.5908
2.5909
2.5909
2.5907
2.5909
2.5905
2.5908
2.5908
2.5906
2.5911
2.5909
2.591
2.5911
2.591
2.5912
2.5909
2.591
2.5911
2.5911
2.591
2.5909
2.591
2.5911
2.5912
2.5913
2.5911
2.5913
2.5913
2.5914
2.5913
2.5912
2.5912
2.5912
2.5911
2.591
2.591
2.5909
2.5911
2.5912
2.5912
2.5912
2.5912
2.591
2.591
2.591
2.5911
2.5909
2.591
2.5912
2.5915
2.5915
2.5912
2.5916
2.5913
2.5914
2.5914
2.5913
2.5912
2.5911
2.5911
2.5913
2.5912
2.5914
2.5914
2.5914
2.5912
2.5914
2.5914
2.5916
2.5915
2.5913
2.5915
2.5914
2.5914
2.5913
2.5913
2.5914
2.5915
2.5918
2.5917
2.5917
2.5915
2.5914
2.5914
2.5917
2.5917
2.5915
2.5914
2.5915
2.5911
2.5912
2.5913
2.5911
2.5914
2.5914
2.5916
2.5915
2.5916
2.5913
2.5914
2.5914
2.5914
2.5913
2.5913
2.5914
2.5912
2.5913
2.5913
2.5911
2.5913
2.5912
2.5912
2.5911
2.5911
2.5911
2.5913
2.5915
2.5916
2.5914
2.5913
2.5912
2.5913
2.5913
2.5914
2.5916
2.5912
2.5915
2.5913
2.5911
2.5915
2.5912
2.5912
2.5913
2.5913
2.5912
2.5915
2.5913
2.5912
2.591
2.5911
2.5908
2.5909
2.5911
2.5909
2.5912
2.591
2.5911
2.5913
2.5915
2.5912
2.5913
2.5914
2.5914
2.5914
2.5914
2.591
2.5908
2.591
2.5909
2.5907
2.5909
2.5911
2.5912
2.5912
2.5914
2.5913
2.591
2.591
2.591
2.5912
2.5907
2.5908
2.5908
2.5908
2.5909
2.5911
2.5913
2.5915
2.5911
2.591
2.5909
2.5912
2.5909
2.5907
2.5911
2.5908
2.5912
2.5911
2.591
2.5911
2.5909
2.591
2.5908
2.5909
2.591
2.5907
2.5908
2.5906
2.5908
2.5908
2.5907
2.5908
2.5907
2.5906
2.5905
2.5907
2.5905
2.5907
2.5907
2.5906
2.5908
2.5906
2.5906
2.5907
2.5907
2.5907
2.5904
2.5904
2.5903
2.5903
2.5903
2.5904
2.5905
2.5905
2.5905
2.5905
2.5907
2.5907
2.5907
2.5905
2.5906
2.5905
2.5904
2.5906
2.5904
2.5905
2.5907
2.5903
2.5904
2.5904
2.5903
2.5902
2.5905
2.5903
2.5904
2.5906
2.5906
2.5907
2.5904
2.5903
2.5904
2.5906
2.5903
2.5903
2.5905
2.5904
2.5904
2.5903
2.5903
2.5904
2.5903
2.5906
2.5905
2.5903
2.5904
2.5907
2.5906
2.5906
2.5903
2.5905
2.5906
2.5903
2.5902
2.5904
2.5903
2.5903
2.5905
2.5906
2.5905
2.5907
2.5906
2.5908
2.5909
2.5906
2.5905
2.5904
2.5904
2.5904
2.5904
2.5904
2.5905
2.5907
2.5905
2.5909
2.5905
2.5903
2.5903
2.5904
2.5906
2.5902
2.5904
2.5906
2.5906
2.591
2.5906
2.5908
2.5905
2.5907
2.5905
2.5905
2.5905
2.5902
2.5903
2.5903
2.5907
2.5906
2.5905
2.5904
2.5904
2.5905
2.5905
2.5902
2.5905
2.5905
2.5907
2.5905
2.5908
2.5905
2.5905
2.5903
2.5904
2.5904
2.5906
2.5907
2.5906
2.5906
2.5908
2.5905
2.5906
2.5906
2.5907
2.5905
2.5904
2.5905
2.5908
2.5904
2.5908
2.5905
2.5905
2.5902
2.5902
2.5901
2.5904
2.5904
2.5905
2.5904
2.5905
2.5906
2.5907
2.5907
2.5904
2.5905
2.5901
2.5903
2.5904
2.5906
2.5902
2.5903
2.5904
2.5905
2.5905
2.5905
2.5903
2.5906
2.5903
2.5904
2.5903
2.5902
2.59
2.5901
2.5902
2.5902
2.5905
2.5904
2.5902
2.5904
2.5904
2.5903
2.5903
2.5903
2.5904
2.5904
2.5904
2.5903
2.5905
2.5905
2.5906
2.5907
2.5907
2.5909
2.5908
2.5906
2.5908
2.5908
2.5907
2.5906
2.5906
2.5907
2.5908
2.5906
2.5906
2.5908
2.5908
2.5907
2.5909
2.5909
2.5908
2.5908
2.5908
2.5909
2.5909
2.5908
2.5905
2.5906
2.5908
2.5909
2.5907
2.5907
2.5909
2.5912
2.5913
2.5914
2.5911
2.5913
2.5911
2.5911
2.591
2.5912
2.591
2.5911
2.5908
2.5907
2.5909
2.591
2.591
2.5909
2.5911
2.591
2.5911
2.591
2.5912
2.5913
2.591
2.5911
2.591
2.5913
2.591
2.5914
2.5913
2.5912
2.5911
2.5912
2.5911
2.5912
2.5912
2.5912
2.591
2.5909
2.591
2.5911
2.591
2.5909
2.591
2.591
2.5911
2.5911
2.5912
2.5914
2.5913
2.5914
2.5912
2.5912
2.5911
2.5909
2.5908
2.5909
2.5912
2.5911
2.5914
2.5913
2.5913
2.5913
2.5914
2.5913
2.5912
2.5913
2.591
2.5911
2.5912
2.591
2.5912
2.5911
2.591
2.5913
2.591
2.5913
2.5913
2.5913
2.591
2.591
2.591
2.5911
2.5909
2.5909
2.5909
2.591
2.5909
2.5909
2.5911
2.591
2.5913
2.5914
2.5913
2.5911
2.5912
2.5911
2.5913
2.5911
2.5912
2.591
2.591
2.5909
2.5909
2.591
2.5911
2.5911
2.591
2.5911
2.5911
2.5913
2.5913
2.591
2.5912
2.5909
2.5912
2.5906
2.591
2.5909
2.5907
2.5909
2.5911
2.591
2.591
2.5911
2.5912
2.591
2.5909
2.5908
2.5912
2.5911
2.5911
2.5911
2.5914
2.5912
2.5912
2.5911
2.5911
2.591
2.5909
2.5911
2.5911
2.591
2.5913
2.591
2.5911
2.591
2.5909
2.5911
2.591
2.5911
2.5911
2.5912
2.5913
2.5912
2.5912
2.5913
2.5915
2.5913
2.5913
2.5913
2.5911
2.5908
2.5908
2.5908
2.5908
2.591
2.591
2.5908
2.591
2.5912
2.591
2.5912
2.5908
2.5909
2.5909
2.591
2.5908
2.5908
2.5907
2.5912
2.5908
2.5909
2.5911
2.5914
2.5911
2.5911
2.591
2.5911
2.5908
2.5907
2.5909
2.5908
2.591
2.5907
2.591
2.5909
2.5908
2.5907
2.5908
2.5907
2.5908
2.5907
2.5907
2.5906
2.5907
2.5905
2.5908
2.5905
2.5903
2.5905
2.5904
2.5906
2.5905
2.5906
2.5905
2.5908
2.5906
2.5907
2.5905
2.5906
2.5904
2.5906
2.5902
2.5904
2.5905
2.5904
2.5906
2.5906
2.5909
2.5907
2.5908
2.5905
2.5906
2.5904
2.5907
2.5907
2.5906
2.5903
2.5905
2.5905
2.5909
2.5907
2.5907
2.5908
2.5908
2.5906
2.5905
2.5904
2.5902
2.5902
2.5902
2.5902
2.5901
2.59
2.5902
2.5901
2.5902
2.5904
2.5901
2.5897
2.5899
2.5901
2.5898
2.59
2.5899
2.5901
2.59
2.59
2.5903
2.5902
2.5903
2.5903
2.5902
2.5903
2.5903
2.5905
2.5905
2.5904
2.5904
2.5903
2.5904
2.5898
2.5899
2.59
2.5898
2.5901
2.5899
2.59
2.59
2.5901
2.5901
2.5901
2.5901
2.5901
2.5901
2.5901
2.5901
2.5901
2.5903
2.59
2.5902
2.5901
2.5901
2.59
2.5901
2.5901
2.5902
2.5902
2.5903
2.5903
2.5902
2.5903
2.5901
2.5902
2.5899
2.5899
2.5897
2.5898
2.5901
2.5899
2.5904
2.5906
2.5905
2.5904
2.5906
2.5901
2.5903
2.5899
2.5901
2.5901
2.5904
2.5902
2.5904
2.5904
2.5903
2.5907
2.5904
2.5905
2.5903
2.5903
2.5904
2.5902
2.5899
2.5902
2.5899
2.59
2.5902
2.5904
2.5905
2.5902
2.5901
2.59
2.5902
2.5902
2.5902
2.5903
2.5904
2.5906
2.5906
2.5905
2.5906
2.5906
2.5908
2.5908
2.5907
2.5909
2.5908
2.5908
2.5908
2.5908
2.5909
2.5908
2.5909
2.5907
2.591
2.5908
2.5911
2.591
2.5911
2.5912
2.5907
2.5911
2.5909
2.5907
2.5907
2.5908
2.5905
2.5907
2.591
2.5909
2.591
2.591
2.5908
2.591
2.591
2.5914
2.5913
2.5911
2.5911
2.5913
2.5913
2.5911
2.5912
2.5911
2.5909
2.5912
2.5911
2.5911
2.5913
2.5914
2.5914
2.591
2.591
2.5911
2.591
2.591
2.591
2.591
2.5909
2.5911
2.5911
2.5911
2.5912
2.5911
2.5913
2.5913
2.5911
2.5908
2.5911
2.5912
2.5913
2.5912
2.591
2.5909
2.591
2.5911
2.5911
2.591
2.591
2.5911
2.5913
2.5911
2.5911
2.5912
2.5911
2.5913
2.5913
2.5913
2.5912
2.5909
2.5911
2.5913
2.5915
2.5915
2.5916
2.5914
2.5912
2.5913
2.5914
2.5915
2.5911
2.5911
2.591
2.5909
2.591
2.591
2.5908
2.5908
2.5912
2.5911
2.591
2.5911
2.5909
2.5909
2.5909
2.5909
2.5909
2.591
2.5913
2.5912
2.5911
2.5911
2.5911
2.5911
2.5912
2.591
2.591
2.5908
2.591
2.5912
2.591
2.5913
2.5913
2.5913
2.5913
2.5911
2.591
2.5912
2.5913
2.5912
2.5912
2.591
2.5909
2.5911
2.5912
2.5913
2.5914
2.5913
2.5913
2.5912
2.5907
2.5909
2.591
2.5912
2.5911
2.591
2.5908
2.5914
2.591
2.5912
2.5913
2.5911
2.591
2.591
2.5907
2.5909
2.5906
2.5908
2.5907
2.5906
2.5909
2.5908
2.5908
2.5908
2.5909
2.5911
2.5909
2.5911
2.5911
2.5911
2.5911
2.5909
2.5913
2.591
2.5909
2.591
2.5909
2.591
2.5911
2.591
2.5909
2.5909
2.5907
2.5908
2.591
2.5907
2.5908
2.5907
2.5911
2.5909
2.5908
2.5906
2.5905
2.5905
2.5905
2.5905
2.5905
2.5906
2.5908
2.5907
2.5907
2.5906
2.5909
2.5908
2.5908
2.5909
2.5909
2.5906
2.5903
2.5904
2.5903
2.5903
2.5905
2.5907
2.5907
2.5907
2.5907
2.591
2.5905
2.5906
2.5908
2.5906
2.591
2.5909
2.5907
2.5909
2.5907
2.5906
2.5907
2.5907
2.5909
2.5907
2.5909
2.5906
2.5908
2.5906
2.5907
2.5906
2.5907
2.5905
2.5905
2.5904
2.5902
2.5903
2.5904
2.5905
2.5906
2.5906
2.5904
2.5907
2.5904
2.5905
2.5905
2.5905
2.5907
2.5906
2.5904
2.5906
2.5906
2.5904
2.5903
2.5904
2.5902
2.5903
2.5902
2.59
2.5902
2.5902
2.5902
2.5903
2.5905
2.5903
2.5905
2.5903
2.5904
2.5902
2.5902
2.5901
2.5903
2.5904
2.5903
2.5905
2.5903
2.5903
2.5902
2.5901
2.5902
2.59
2.5902
2.5903
2.5903
2.5903
2.5902
2.5901
2.59
2.5902
2.5903
2.5901
2.5902
2.5902
2.5905
2.5903
2.5904
2.5903
2.5901
2.59
2.59
2.59
2.59
2.5903
2.59
2.5902
2.5899
2.59
2.5902
2.5906
2.5904
2.5902
2.5903
2.5905
2.5902
2.5901
2.5902
2.5901
2.5898
2.59
2.5901
2.5901
2.5902
2.5903
2.5903
2.5905
2.5907
2.5904
2.5902
2.5903
2.5902
2.5901
2.5901
2.5901
2.59
2.5898
2.5899
2.5899
2.59
2.5898
2.5899
2.5899
2.5898
2.59
2.5899
2.5902
2.59
2.59
2.5899
2.5899
2.5898
2.59
2.5899
2.59
2.5902
2.59
2.5902
2.59
2.5901
2.59
2.59
2.5902
2.59
2.5897
2.5903
2.5901
2.5903
2.5899
2.5903
2.5903
2.5903
2.5903
2.5903
2.5901
2.5904
2.5903
2.5905
2.5904
2.5905
2.5903
2.5905
2.5903
2.5903
2.5903
2.5904
2.5905
2.5902
2.5903
2.5902
2.5904
2.5905
2.5902
2.5907
2.5906
2.5904
2.5904
2.5903
2.5902
2.5904
2.5904
2.5906
2.5904
2.5905
2.5906
2.5904
2.5904
2.5905
2.5904
2.5903
2.5902
2.5905
2.5905
2.5906
2.5906
2.5906
2.5905
2.5904
