0
0.0085333
0.017067
0.0256
0.034133
0.042667
0.0512
0.059733
0.068267
0.0768
0.085333
0.093867
0.1024
0.11093
0.11947
0.128
0.13653
0.14507
0.1536
0.16213
0.17067
0.1792
0.18773
0.19627
0.2048
0.21333
0.22187
0.2304
0.23893
0.24747
0.256
0.26453
0.27307
0.2816
0.29013
0.29867
0.3072
0.31573
0.32427
0.3328
0.34133
0.34987
0.3584
0.36693
0.37547
0.384
0.39253
0.40107
0.4096
0.41813
0.42667
0.4352
0.44373
0.45227
0.4608
0.46933
0.47787
0.4864
0.49493
0.50347
0.512
0.52053
0.52907
0.5376
0.54613
0.55467
0.5632
0.57173
0.58027
0.5888
0.59733
0.60587
0.6144
0.62293
0.63147
0.64
0.64853
0.65707
0.6656
0.67413
0.68267
0.6912
0.69973
0.70827
0.7168
0.72533
0.73387
0.7424
0.75093
0.75947
0.768
0.77653
0.78507
0.7936
0.80213
0.81067
0.8192
0.82773
0.83627
0.8448
0.85333
0.86187
0.8704
0.87893
0.88747
0.896
0.90453
0.91307
0.9216
0.93013
0.93867
0.9472
0.95573
0.96427
0.9728
0.98133
0.98987
0.9984
1.0069
1.0155
1.024
1.0325
1.0411
1.0496
1.0581
1.0667
1.0752
1.0837
1.0923
1.1008
1.1093
1.1179
1.1264
1.1349
1.1435
1.152
1.1605
1.1691
1.1776
1.1861
1.1947
1.2032
1.2117
1.2203
1.2288
1.2373
1.2459
1.2544
1.2629
1.2715
1.28
1.2885
1.2971
1.3056
1.3141
1.3227
1.3312
1.3397
1.3483
1.3568
1.3653
1.3739
1.3824
1.3909
1.3995
1.408
1.4165
1.4251
1.4336
1.4421
1.4507
1.4592
1.4677
1.4763
1.4848
1.4933
1.5019
1.5104
1.5189
1.5275
1.536
1.5445
1.5531
1.5616
1.5701
1.5787
1.5872
1.5957
1.6043
1.6128
1.6213
1.6299
1.6384
1.6469
1.6555
1.664
1.6725
1.6811
1.6896
1.6981
1.7067
1.7152
1.7237
1.7323
1.7408
1.7493
1.7579
1.7664
1.7749
1.7835
1.792
1.8005
1.8091
1.8176
1.8261
1.8347
1.8432
1.8517
1.8603
1.8688
1.8773
1.8859
1.8944
1.9029
1.9115
1.92
1.9285
1.9371
1.9456
1.9541
1.9627
1.9712
1.9797
1.9883
1.9968
2.0053
2.0139
2.0224
2.0309
2.0395
2.048
2.0565
2.0651
2.0736
2.0821
2.0907
2.0992
2.1077
2.1163
2.1248
2.1333
2.1419
2.1504
2.1589
2.1675
2.176
2.1845
2.1931
2.2016
2.2101
2.2187
2.2272
2.2357
2.2443
2.2528
2.2613
2.2699
2.2784
2.2869
2.2955
2.304
2.3125
2.3211
2.3296
2.3381
2.3467
2.3552
2.3637
2.3723
2.3808
2.3893
2.3979
2.4064
2.4149
2.4235
2.432
2.4405
2.4491
2.4576
2.4661
2.4747
2.4832
2.4917
2.5003
2.5088
2.5173
2.5259
2.5344
2.5429
2.5515
2.56
2.5685
2.5771
2.5856
2.5941
2.6027
2.6112
2.6197
2.6283
2.6368
2.6453
2.6539
2.6624
2.6709
2.6795
2.688
2.6965
2.7051
2.7136
2.7221
2.7307
2.7392
2.7477
2.7563
2.7648
2.7733
2.7819
2.7904
2.7989
2.8075
2.816
2.8245
2.8331
2.8416
2.8501
2.8587
2.8672
2.8757
2.8843
2.8928
2.9013
2.9099
2.9184
2.9269
2.9355
2.944
2.9525
2.9611
2.9696
2.9781
2.9867
2.9952
3.0037
3.0123
3.0208
3.0293
3.0379
3.0464
3.0549
3.0635
3.072
3.0805
3.0891
3.0976
3.1061
3.1147
3.1232
3.1317
3.1403
3.1488
3.1573
3.1659
3.1744
3.1829
3.1915
3.2
3.2085
3.2171
3.2256
3.2341
3.2427
3.2512
3.2597
3.2683
3.2768
3.2853
3.2939
3.3024
3.3109
3.3195
3.328
3.3365
3.3451
3.3536
3.3621
3.3707
3.3792
3.3877
3.3963
3.4048
3.4133
3.4219
3.4304
3.4389
3.4475
3.456
3.4645
3.4731
3.4816
3.4901
3.4987
3.5072
3.5157
3.5243
3.5328
3.5413
3.5499
3.5584
3.5669
3.5755
3.584
3.5925
3.6011
3.6096
3.6181
3.6267
3.6352
3.6437
3.6523
3.6608
3.6693
3.6779
3.6864
3.6949
3.7035
3.712
3.7205
3.7291
3.7376
3.7461
3.7547
3.7632
3.7717
3.7803
3.7888
3.7973
3.8059
3.8144
3.8229
3.8315
3.84
3.8485
3.8571
3.8656
3.8741
3.8827
3.8912
3.8997
3.9083
3.9168
3.9253
3.9339
3.9424
3.9509
3.9595
3.968
3.9765
3.9851
3.9936
4.0021
4.0107
4.0192
4.0277
4.0363
4.0448
4.0533
4.0619
4.0704
4.0789
4.0875
4.096
4.1045
4.1131
4.1216
4.1301
4.1387
4.1472
4.1557
4.1643
4.1728
4.1813
4.1899
4.1984
4.2069
4.2155
4.224
4.2325
4.2411
4.2496
4.2581
4.2667
4.2752
4.2837
4.2923
4.3008
4.3093
4.3179
4.3264
4.3349
4.3435
4.352
4.3605
4.3691
4.3776
4.3861
4.3947
4.4032
4.4117
4.4203
4.4288
4.4373
4.4459
4.4544
4.4629
4.4715
4.48
4.4885
4.4971
4.5056
4.5141
4.5227
4.5312
4.5397
4.5483
4.5568
4.5653
4.5739
4.5824
4.5909
4.5995
4.608
4.6165
4.6251
4.6336
4.6421
4.6507
4.6592
4.6677
4.6763
4.6848
4.6933
4.7019
4.7104
4.7189
4.7275
4.736
4.7445
4.7531
4.7616
4.7701
4.7787
4.7872
4.7957
4.8043
4.8128
4.8213
4.8299
4.8384
4.8469
4.8555
4.864
4.8725
4.8811
4.8896
4.8981
4.9067
4.9152
4.9237
4.9323
4.9408
4.9493
4.9579
4.9664
4.9749
4.9835
4.992
5.0005
5.0091
5.0176
5.0261
5.0347
5.0432
5.0517
5.0603
5.0688
5.0773
5.0859
5.0944
5.1029
5.1115
5.12
5.1285
5.1371
5.1456
5.1541
5.1627
5.1712
5.1797
5.1883
5.1968
5.2053
5.2139
5.2224
5.2309
5.2395
5.248
5.2565
5.2651
5.2736
5.2821
5.2907
5.2992
5.3077
5.3163
5.3248
5.3333
5.3419
5.3504
5.3589
5.3675
5.376
5.3845
5.3931
5.4016
5.4101
5.4187
5.4272
5.4357
5.4443
5.4528
5.4613
5.4699
5.4784
5.4869
5.4955
5.504
5.5125
5.5211
5.5296
5.5381
5.5467
5.5552
5.5637
5.5723
5.5808
5.5893
5.5979
5.6064
5.6149
5.6235
5.632
5.6405
5.6491
5.6576
5.6661
5.6747
5.6832
5.6917
5.7003
5.7088
5.7173
5.7259
5.7344
5.7429
5.7515
5.76
5.7685
5.7771
5.7856
5.7941
5.8027
5.8112
5.8197
5.8283
5.8368
5.8453
5.8539
5.8624
5.8709
5.8795
5.888
5.8965
5.9051
5.9136
5.9221
5.9307
5.9392
5.9477
5.9563
5.9648
5.9733
5.9819
5.9904
5.9989
6.0075
6.016
6.0245
6.0331
6.0416
6.0501
6.0587
6.0672
6.0757
6.0843
6.0928
6.1013
6.1099
6.1184
6.1269
6.1355
6.144
6.1525
6.1611
6.1696
6.1781
6.1867
6.1952
6.2037
6.2123
6.2208
6.2293
6.2379
6.2464
6.2549
6.2635
6.272
6.2805
6.2891
6.2976
6.3061
6.3147
6.3232
6.3317
6.3403
6.3488
6.3573
6.3659
6.3744
6.3829
6.3915
6.4
6.4085
6.4171
6.4256
6.4341
6.4427
6.4512
6.4597
6.4683
6.4768
6.4853
6.4939
6.5024
6.5109
6.5195
6.528
6.5365
6.5451
6.5536
6.5621
6.5707
6.5792
6.5877
6.5963
6.6048
6.6133
6.6219
6.6304
6.6389
6.6475
6.656
6.6645
6.6731
6.6816
6.6901
6.6987
6.7072
6.7157
6.7243
6.7328
6.7413
6.7499
6.7584
6.7669
6.7755
6.784
6.7925
6.8011
6.8096
6.8181
6.8267
6.8352
6.8437
6.8523
6.8608
6.8693
6.8779
6.8864
6.8949
6.9035
6.912
6.9205
6.9291
6.9376
6.9461
6.9547
6.9632
6.9717
6.9803
6.9888
6.9973
7.0059
7.0144
7.0229
7.0315
7.04
7.0485
7.0571
7.0656
7.0741
7.0827
7.0912
7.0997
7.1083
7.1168
7.1253
7.1339
7.1424
7.1509
7.1595
7.168
7.1765
7.1851
7.1936
7.2021
7.2107
7.2192
7.2277
7.2363
7.2448
7.2533
7.2619
7.2704
7.2789
7.2875
7.296
7.3045
7.3131
7.3216
7.3301
7.3387
7.3472
7.3557
7.3643
7.3728
7.3813
7.3899
7.3984
7.4069
7.4155
7.424
7.4325
7.4411
7.4496
7.4581
7.4667
7.4752
7.4837
7.4923
7.5008
7.5093
7.5179
7.5264
7.5349
7.5435
7.552
7.5605
7.5691
7.5776
7.5861
7.5947
7.6032
7.6117
7.6203
7.6288
7.6373
7.6459
7.6544
7.6629
7.6715
7.68
7.6885
7.6971
7.7056
7.7141
7.7227
7.7312
7.7397
7.7483
7.7568
7.7653
7.7739
7.7824
7.7909
7.7995
7.808
7.8165
7.8251
7.8336
7.8421
7.8507
7.8592
7.8677
7.8763
7.8848
7.8933
7.9019
7.9104
7.9189
7.9275
7.936
7.9445
7.9531
7.9616
7.9701
7.9787
7.9872
7.9957
8.0043
8.0128
8.0213
8.0299
8.0384
8.0469
8.0555
8.064
8.0725
8.0811
8.0896
8.0981
8.1067
8.1152
8.1237
8.1323
8.1408
8.1493
8.1579
8.1664
8.1749
8.1835
8.192
8.2005
8.2091
8.2176
8.2261
8.2347
8.2432
8.2517
8.2603
8.2688
8.2773
8.2859
8.2944
8.3029
8.3115
8.32
8.3285
8.3371
8.3456
8.3541
8.3627
8.3712
8.3797
8.3883
8.3968
8.4053
8.4139
8.4224
8.4309
8.4395
8.448
8.4565
8.4651
8.4736
8.4821
8.4907
8.4992
8.5077
8.5163
8.5248
8.5333
8.5419
8.5504
8.5589
8.5675
8.576
8.5845
8.5931
8.6016
8.6101
8.6187
8.6272
8.6357
8.6443
8.6528
8.6613
8.6699
8.6784
8.6869
8.6955
8.704
8.7125
8.7211
8.7296
8.7381
8.7467
8.7552
8.7637
8.7723
8.7808
8.7893
8.7979
8.8064
8.8149
8.8235
8.832
8.8405
8.8491
8.8576
8.8661
8.8747
8.8832
8.8917
8.9003
8.9088
8.9173
8.9259
8.9344
8.9429
8.9515
8.96
8.9685
8.9771
8.9856
8.9941
9.0027
9.0112
9.0197
9.0283
9.0368
9.0453
9.0539
9.0624
9.0709
9.0795
9.088
9.0965
9.1051
9.1136
9.1221
9.1307
9.1392
9.1477
9.1563
9.1648
9.1733
9.1819
9.1904
9.1989
9.2075
9.216
9.2245
9.2331
9.2416
9.2501
9.2587
9.2672
9.2757
9.2843
9.2928
9.3013
9.3099
9.3184
9.3269
9.3355
9.344
9.3525
9.3611
9.3696
9.3781
9.3867
9.3952
9.4037
9.4123
9.4208
9.4293
9.4379
9.4464
9.4549
9.4635
9.472
9.4805
9.4891
9.4976
9.5061
9.5147
9.5232
9.5317
9.5403
9.5488
9.5573
9.5659
9.5744
9.5829
9.5915
9.6
9.6085
9.6171
9.6256
9.6341
9.6427
9.6512
9.6597
9.6683
9.6768
9.6853
9.6939
9.7024
9.7109
9.7195
9.728
9.7365
9.7451
9.7536
9.7621
9.7707
9.7792
9.7877
9.7963
9.8048
9.8133
9.8219
9.8304
9.8389
9.8475
9.856
9.8645
9.8731
9.8816
9.8901
9.8987
9.9072
9.9157
9.9243
9.9328
9.9413
9.9499
9.9584
9.9669
9.9755
9.984
9.9925
10.001
10.01
10.018
10.027
10.035
10.044
10.052
10.061
10.069
10.078
10.086
10.095
10.103
10.112
10.121
10.129
10.138
10.146
10.155
10.163
10.172
10.18
10.189
10.197
10.206
10.214
10.223
10.231
10.24
10.249
10.257
10.266
10.274
10.283
10.291
10.3
10.308
10.317
10.325
10.334
10.342
10.351
10.359
10.368
10.377
10.385
10.394
10.402
10.411
10.419
10.428
10.436
10.445
10.453
10.462
10.47
10.479
10.487
10.496
10.505
10.513
10.522
10.53
10.539
10.547
10.556
10.564
10.573
10.581
10.59
10.598
10.607
10.615
10.624
10.633
10.641
10.65
10.658
10.667
10.675
10.684
10.692
10.701
10.709
10.718
10.726
10.735
10.743
10.752
10.761
10.769
10.778
10.786
10.795
10.803
10.812
10.82
10.829
10.837
10.846
10.854
10.863
10.871
10.88
10.889
10.897
10.906
10.914
10.923
10.931
10.94
10.948
10.957
10.965
10.974
10.982
10.991
10.999
11.008
11.017
11.025
11.034
11.042
11.051
11.059
11.068
11.076
11.085
11.093
11.102
11.11
11.119
11.127
11.136
11.145
11.153
11.162
11.17
11.179
11.187
11.196
11.204
11.213
11.221
11.23
11.238
11.247
11.255
11.264
11.273
11.281
11.29
11.298
11.307
11.315
11.324
11.332
11.341
11.349
11.358
11.366
11.375
11.383
11.392
11.401
11.409
11.418
11.426
11.435
11.443
11.452
11.46
11.469
11.477
11.486
11.494
11.503
11.511
11.52
11.529
11.537
11.546
11.554
11.563
11.571
11.58
11.588
11.597
11.605
11.614
11.622
11.631
11.639
11.648
11.657
11.665
11.674
11.682
11.691
11.699
11.708
11.716
11.725
11.733
11.742
11.75
11.759
11.767
11.776
11.785
11.793
11.802
11.81
11.819
11.827
11.836
11.844
11.853
11.861
11.87
11.878
11.887
11.895
11.904
11.913
11.921
11.93
11.938
11.947
11.955
11.964
11.972
11.981
11.989
11.998
12.006
12.015
12.023
12.032
12.041
12.049
12.058
12.066
12.075
12.083
12.092
12.1
12.109
12.117
12.126
12.134
12.143
12.151
12.16
12.169
12.177
12.186
12.194
12.203
12.211
12.22
12.228
12.237
12.245
12.254
12.262
12.271
12.279
12.288
12.297
12.305
12.314
12.322
12.331
12.339
12.348
12.356
12.365
12.373
12.382
12.39
12.399
12.407
12.416
12.425
12.433
12.442
12.45
12.459
12.467
12.476
12.484
12.493
12.501
12.51
12.518
12.527
12.535
12.544
12.553
12.561
12.57
12.578
12.587
12.595
12.604
12.612
12.621
12.629
12.638
12.646
12.655
12.663
12.672
12.681
12.689
12.698
12.706
12.715
12.723
12.732
12.74
12.749
12.757
12.766
12.774
12.783
12.791
12.8
12.809
12.817
12.826
12.834
12.843
12.851
12.86
12.868
12.877
12.885
12.894
12.902
12.911
12.919
12.928
12.937
12.945
12.954
12.962
12.971
12.979
12.988
12.996
13.005
13.013
13.022
13.03
13.039
13.047
13.056
13.065
13.073
13.082
13.09
13.099
13.107
13.116
13.124
13.133
13.141
13.15
13.158
13.167
13.175
13.184
13.193
13.201
13.21
13.218
13.227
13.235
13.244
13.252
13.261
13.269
13.278
13.286
13.295
13.303
13.312
13.321
13.329
13.338
13.346
13.355
13.363
13.372
13.38
13.389
13.397
13.406
13.414
13.423
13.431
13.44
13.449
13.457
13.466
13.474
13.483
13.491
13.5
13.508
13.517
13.525
13.534
13.542
13.551
13.559
13.568
13.577
13.585
13.594
13.602
13.611
13.619
13.628
13.636
13.645
13.653
13.662
13.67
13.679
13.687
13.696
13.705
13.713
13.722
13.73
13.739
13.747
13.756
13.764
13.773
13.781
13.79
13.798
13.807
13.815
13.824
13.833
13.841
13.85
13.858
13.867
13.875
13.884
13.892
13.901
13.909
13.918
13.926
13.935
13.943
13.952
13.961
13.969
13.978
13.986
13.995
14.003
14.012
14.02
14.029
14.037
14.046
14.054
14.063
14.071
14.08
14.089
14.097
14.106
14.114
14.123
14.131
14.14
14.148
14.157
14.165
14.174
14.182
14.191
14.199
14.208
14.217
14.225
14.234
14.242
14.251
14.259
14.268
14.276
14.285
14.293
14.302
14.31
14.319
14.327
14.336
14.345
14.353
14.362
14.37
14.379
14.387
14.396
14.404
14.413
14.421
14.43
14.438
14.447
14.455
14.464
14.473
14.481
14.49
14.498
14.507
14.515
14.524
14.532
14.541
14.549
14.558
14.566
14.575
14.583
14.592
14.601
14.609
14.618
14.626
14.635
14.643
14.652
14.66
14.669
14.677
14.686
14.694
14.703
14.711
14.72
14.729
14.737
14.746
14.754
14.763
14.771
14.78
14.788
14.797
14.805
14.814
14.822
14.831
14.839
14.848
14.857
14.865
14.874
14.882
14.891
14.899
14.908
14.916
14.925
14.933
14.942
14.95
14.959
14.967
14.976
14.985
14.993
15.002
15.01
15.019
15.027
15.036
15.044
15.053
15.061
15.07
15.078
15.087
15.095
15.104
15.113
15.121
15.13
15.138
15.147
15.155
15.164
15.172
15.181
15.189
15.198
15.206
15.215
15.223
15.232
15.241
15.249
15.258
15.266
15.275
15.283
15.292
15.3
15.309
15.317
15.326
15.334
15.343
15.351
15.36
15.369
15.377
15.386
15.394
15.403
15.411
15.42
15.428
15.437
15.445
15.454
15.462
15.471
15.479
15.488
15.497
15.505
15.514
15.522
15.531
15.539
15.548
15.556
15.565
15.573
15.582
15.59
15.599
15.607
15.616
15.625
15.633
15.642
15.65
15.659
15.667
15.676
15.684
15.693
15.701
15.71
15.718
15.727
15.735
15.744
15.753
15.761
15.77
15.778
15.787
15.795
15.804
15.812
15.821
15.829
15.838
15.846
15.855
15.863
15.872
15.881
15.889
15.898
15.906
15.915
15.923
15.932
15.94
15.949
15.957
15.966
15.974
15.983
15.991
16
16.009
16.017
16.026
16.034
16.043
16.051
16.06
16.068
16.077
16.085
16.094
16.102
16.111
16.119
16.128
16.137
16.145
16.154
16.162
16.171
16.179
16.188
16.196
16.205
16.213
16.222
16.23
16.239
16.247
16.256
16.265
16.273
16.282
16.29
16.299
16.307
16.316
16.324
16.333
16.341
16.35
16.358
16.367
16.375
16.384
16.393
16.401
16.41
16.418
16.427
16.435
16.444
16.452
16.461
16.469
16.478
16.486
16.495
16.503
16.512
16.521
16.529
16.538
16.546
16.555
16.563
16.572
16.58
16.589
16.597
16.606
16.614
16.623
16.631
16.64
16.649
16.657
16.666
16.674
16.683
16.691
16.7
16.708
16.717
16.725
16.734
16.742
16.751
16.759
16.768
16.777
16.785
16.794
16.802
16.811
16.819
16.828
16.836
16.845
16.853
16.862
16.87
16.879
16.887
16.896
16.905
16.913
16.922
16.93
16.939
16.947
16.956
16.964
16.973
16.981
16.99
16.998
17.007
17.015
17.024
17.033
17.041
17.05
17.058
17.067
17.075
17.084
17.092
17.101
17.109
17.118
17.126
17.135
17.143
17.152
17.161
17.169
17.178
17.186
17.195
17.203
17.212
17.22
17.229
17.237
17.246
17.254
17.263
17.271
17.28
17.289
17.297
17.306
17.314
17.323
17.331
17.34
17.348
17.357
17.365
17.374
17.382
17.391
17.399
17.408
17.417
17.425
17.434
17.442
17.451
17.459
17.468
17.476
17.485
17.493
17.502
17.51
17.519
17.527
17.536
17.545
17.553
17.562
17.57
17.579
17.587
17.596
17.604
17.613
17.621
17.63
17.638
17.647
17.655
17.664
17.673
17.681
17.69
17.698
17.707
17.715
17.724
17.732
17.741
17.749
17.758
17.766
17.775
17.783
17.792
17.801
17.809
17.818
17.826
17.835
17.843
17.852
17.86
17.869
17.877
17.886
17.894
17.903
17.911
17.92
17.929
17.937
17.946
17.954
17.963
17.971
17.98
17.988
17.997
18.005
18.014
18.022
18.031
18.039
18.048
18.057
18.065
18.074
18.082
18.091
18.099
18.108
18.116
18.125
18.133
18.142
18.15
18.159
18.167
18.176
18.185
18.193
18.202
18.21
18.219
18.227
18.236
18.244
18.253
18.261
18.27
18.278
18.287
18.295
18.304
18.313
18.321
18.33
18.338
18.347
18.355
18.364
18.372
18.381
18.389
18.398
18.406
18.415
18.423
18.432
18.441
18.449
18.458
18.466
18.475
18.483
18.492
18.5
18.509
18.517
18.526
18.534
18.543
18.551
18.56
18.569
18.577
18.586
18.594
18.603
18.611
18.62
18.628
18.637
18.645
18.654
18.662
18.671
18.679
18.688
18.697
18.705
18.714
18.722
18.731
18.739
18.748
18.756
18.765
18.773
18.782
18.79
18.799
18.807
18.816
18.825
18.833
18.842
18.85
18.859
18.867
18.876
18.884
18.893
18.901
18.91
18.918
18.927
18.935
18.944
18.953
18.961
18.97
18.978
18.987
18.995
19.004
19.012
19.021
19.029
19.038
19.046
19.055
19.063
19.072
19.081
19.089
19.098
19.106
19.115
19.123
19.132
19.14
19.149
19.157
19.166
19.174
19.183
19.191
19.2
19.209
19.217
19.226
19.234
19.243
19.251
19.26
19.268
19.277
19.285
19.294
19.302
19.311
19.319
19.328
19.337
19.345
19.354
19.362
19.371
19.379
19.388
19.396
19.405
19.413
19.422
19.43
19.439
19.447
19.456
19.465
19.473
19.482
19.49
19.499
19.507
19.516
19.524
19.533
19.541
19.55
19.558
19.567
19.575
19.584
19.593
19.601
19.61
19.618
19.627
19.635
19.644
19.652
19.661
19.669
19.678
19.686
19.695
19.703
19.712
19.721
19.729
19.738
19.746
19.755
19.763
19.772
19.78
19.789
19.797
19.806
19.814
19.823
19.831
19.84
19.849
19.857
19.866
19.874
19.883
19.891
19.9
19.908
19.917
19.925
19.934
19.942
19.951
19.959
19.968
19.977
19.985
19.994
20.002
20.011
20.019
20.028
20.036
20.045
20.053
20.062
20.07
20.079
20.087
20.096
20.105
20.113
20.122
20.13
20.139
20.147
20.156
20.164
20.173
20.181
20.19
20.198
20.207
20.215
20.224
20.233
20.241
20.25
20.258
20.267
20.275
20.284
20.292
20.301
20.309
20.318
20.326
20.335
20.343
20.352
20.361
20.369
20.378
20.386
20.395
20.403
20.412
20.42
20.429
20.437
20.446
20.454
20.463
20.471
20.48
20.489
20.497
20.506
20.514
20.523
20.531
20.54
20.548
20.557
20.565
20.574
20.582
20.591
20.599
20.608
20.617
20.625
20.634
20.642
20.651
20.659
20.668
20.676
20.685
20.693
20.702
20.71
20.719
20.727
20.736
20.745
20.753
20.762
20.77
20.779
20.787
20.796
20.804
20.813
20.821
20.83
20.838
20.847
20.855
20.864
20.873
20.881
20.89
20.898
20.907
20.915
20.924
20.932
20.941
20.949
20.958
20.966
20.975
20.983
20.992
21.001
21.009
21.018
21.026
21.035
21.043
21.052
21.06
21.069
21.077
21.086
21.094
21.103
21.111
21.12
21.129
21.137
21.146
21.154
21.163
21.171
21.18
21.188
21.197
21.205
21.214
21.222
21.231
21.239
21.248
21.257
21.265
21.274
21.282
21.291
21.299
21.308
21.316
21.325
21.333
21.342
21.35
21.359
21.367
21.376
21.385
21.393
21.402
21.41
21.419
21.427
21.436
21.444
21.453
21.461
21.47
21.478
21.487
21.495
21.504
21.513
21.521
21.53
21.538
21.547
21.555
21.564
21.572
21.581
21.589
21.598
21.606
21.615
21.623
21.632
21.641
21.649
21.658
21.666
21.675
21.683
21.692
21.7
21.709
21.717
21.726
21.734
21.743
21.751
21.76
21.769
21.777
21.786
21.794
21.803
21.811
21.82
21.828
21.837
21.845
21.854
21.862
21.871
21.879
21.888
21.897
21.905
21.914
21.922
21.931
21.939
21.948
21.956
21.965
21.973
21.982
21.99
21.999
22.007
22.016
22.025
22.033
22.042
22.05
22.059
22.067
22.076
22.084
22.093
22.101
22.11
22.118
22.127
22.135
22.144
22.153
22.161
22.17
22.178
22.187
22.195
22.204
22.212
22.221
22.229
22.238
22.246
22.255
22.263
22.272
22.281
22.289
22.298
22.306
22.315
22.323
22.332
22.34
22.349
22.357
22.366
22.374
22.383
22.391
22.4
22.409
22.417
22.426
22.434
22.443
22.451
22.46
22.468
22.477
22.485
22.494
22.502
22.511
22.519
22.528
22.537
22.545
22.554
22.562
22.571
22.579
22.588
22.596
22.605
22.613
22.622
22.63
22.639
22.647
22.656
22.665
22.673
22.682
22.69
22.699
22.707
22.716
22.724
22.733
22.741
22.75
22.758
22.767
22.775
22.784
22.793
22.801
22.81
22.818
22.827
22.835
22.844
22.852
22.861
22.869
22.878
22.886
22.895
22.903
22.912
22.921
22.929
22.938
22.946
22.955
22.963
22.972
22.98
22.989
22.997
23.006
23.014
23.023
23.031
23.04
23.049
23.057
23.066
23.074
23.083
23.091
23.1
23.108
23.117
23.125
23.134
23.142
23.151
23.159
23.168
23.177
23.185
23.194
23.202
23.211
23.219
23.228
23.236
23.245
23.253
23.262
23.27
23.279
23.287
23.296
23.305
23.313
23.322
23.33
23.339
23.347
23.356
23.364
23.373
23.381
23.39
23.398
23.407
23.415
23.424
23.433
23.441
23.45
23.458
23.467
23.475
23.484
23.492
23.501
23.509
23.518
23.526
23.535
23.543
23.552
23.561
23.569
23.578
23.586
23.595
23.603
23.612
23.62
23.629
23.637
23.646
23.654
23.663
23.671
23.68
23.689
23.697
23.706
23.714
23.723
23.731
23.74
23.748
23.757
23.765
23.774
23.782
23.791
23.799
23.808
23.817
23.825
23.834
23.842
23.851
23.859
23.868
23.876
23.885
23.893
23.902
23.91
23.919
23.927
23.936
23.945
23.953
23.962
23.97
23.979
23.987
23.996
24.004
24.013
24.021
24.03
24.038
24.047
24.055
24.064
24.073
24.081
24.09
24.098
24.107
24.115
24.124
24.132
24.141
24.149
24.158
24.166
24.175
24.183
24.192
24.201
24.209
24.218
24.226
24.235
24.243
24.252
24.26
24.269
24.277
24.286
24.294
24.303
24.311
24.32
24.329
24.337
24.346
24.354
24.363
24.371
24.38
24.388
24.397
24.405
24.414
24.422
24.431
24.439
24.448
24.457
24.465
24.474
24.482
24.491
24.499
24.508
24.516
24.525
24.533
24.542
24.55
24.559
24.567
24.576
24.585
24.593
24.602
24.61
24.619
24.627
24.636
24.644
24.653
24.661
24.67
24.678
24.687
24.695
24.704
24.713
24.721
24.73
24.738
24.747
24.755
24.764
24.772
24.781
24.789
24.798
24.806
24.815
24.823
24.832
24.841
24.849
24.858
24.866
24.875
24.883
24.892
24.9
24.909
24.917
24.926
24.934
24.943
24.951
24.96
24.969
24.977
24.986
24.994
25.003
25.011
25.02
25.028
25.037
25.045
25.054
25.062
25.071
25.079
25.088
25.097
25.105
25.114
25.122
25.131
25.139
25.148
25.156
25.165
25.173
25.182
25.19
25.199
25.207
25.216
25.225
25.233
25.242
25.25
25.259
25.267
25.276
25.284
25.293
25.301
25.31
25.318
25.327
25.335
25.344
25.353
25.361
25.37
25.378
25.387
25.395
25.404
25.412
25.421
25.429
25.438
25.446
25.455
25.463
25.472
25.481
25.489
25.498
25.506
25.515
25.523
25.532
25.54
25.549
25.557
25.566
25.574
25.583
25.591
25.6
25.609
25.617
25.626
25.634
25.643
25.651
25.66
25.668
25.677
25.685
25.694
25.702
25.711
25.719
25.728
25.737
25.745
25.754
25.762
25.771
25.779
25.788
25.796
25.805
25.813
25.822
25.83
25.839
25.847
25.856
25.865
25.873
25.882
25.89
25.899
25.907
25.916
25.924
25.933
25.941
25.95
25.958
25.967
25.975
25.984
25.993
26.001
26.01
26.018
26.027
26.035
26.044
26.052
26.061
26.069
26.078
26.086
26.095
26.103
26.112
26.121
26.129
26.138
26.146
26.155
26.163
26.172
26.18
26.189
26.197
26.206
26.214
26.223
26.231
26.24
26.249
26.257
26.266
26.274
26.283
26.291
26.3
26.308
26.317
26.325
26.334
26.342
26.351
26.359
26.368
26.377
26.385
26.394
26.402
26.411
26.419
26.428
26.436
26.445
26.453
26.462
26.47
26.479
26.487
26.496
26.505
26.513
26.522
26.53
26.539
26.547
26.556
26.564
26.573
26.581
26.59
26.598
26.607
26.615
26.624
26.633
26.641
26.65
26.658
26.667
26.675
26.684
26.692
26.701
26.709
26.718
26.726
26.735
26.743
26.752
26.761
26.769
26.778
26.786
26.795
26.803
26.812
26.82
26.829
26.837
26.846
26.854
26.863
26.871
26.88
26.889
26.897
26.906
26.914
26.923
26.931
26.94
26.948
26.957
26.965
26.974
26.982
26.991
26.999
27.008
27.017
27.025
27.034
27.042
27.051
27.059
27.068
27.076
27.085
27.093
27.102
27.11
27.119
27.127
27.136
27.145
27.153
27.162
27.17
27.179
27.187
27.196
27.204
27.213
27.221
27.23
27.238
27.247
27.255
27.264
27.273
27.281
27.29
27.298
27.307
27.315
27.324
27.332
27.341
27.349
27.358
27.366
27.375
27.383
27.392
27.401
27.409
27.418
27.426
27.435
27.443
27.452
27.46
27.469
27.477
27.486
27.494
27.503
27.511
27.52
27.529
27.537
27.546
27.554
27.563
27.571
27.58
27.588
27.597
27.605
27.614
27.622
27.631
27.639
27.648
27.657
27.665
27.674
27.682
27.691
27.699
27.708
27.716
27.725
27.733
27.742
27.75
27.759
27.767
27.776
27.785
27.793
27.802
27.81
27.819
27.827
27.836
27.844
27.853
27.861
27.87
27.878
27.887
27.895
27.904
27.913
27.921
27.93
27.938
27.947
27.955
27.964
27.972
27.981
27.989
27.998
28.006
28.015
28.023
28.032
28.041
28.049
28.058
28.066
28.075
28.083
28.092
28.1
28.109
28.117
28.126
28.134
28.143
28.151
28.16
28.169
28.177
28.186
28.194
28.203
28.211
28.22
28.228
28.237
28.245
28.254
28.262
28.271
28.279
28.288
28.297
28.305
28.314
28.322
28.331
28.339
28.348
28.356
28.365
28.373
28.382
28.39
28.399
28.407
28.416
28.425
28.433
28.442
28.45
28.459
28.467
28.476
28.484
28.493
28.501
28.51
28.518
28.527
28.535
28.544
28.553
28.561
28.57
28.578
28.587
28.595
28.604
28.612
28.621
28.629
28.638
28.646
28.655
28.663
28.672
28.681
28.689
28.698
28.706
28.715
28.723
28.732
28.74
28.749
28.757
28.766
28.774
28.783
28.791
28.8
28.809
28.817
28.826
28.834
28.843
28.851
28.86
28.868
28.877
28.885
28.894
28.902
28.911
28.919
28.928
28.937
28.945
28.954
28.962
28.971
28.979
28.988
28.996
29.005
29.013
29.022
29.03
29.039
29.047
29.056
29.065
29.073
29.082
29.09
29.099
29.107
29.116
29.124
29.133
29.141
29.15
29.158
29.167
29.175
29.184
29.193
29.201
29.21
29.218
29.227
29.235
29.244
29.252
29.261
29.269
29.278
29.286
29.295
29.303
29.312
29.321
29.329
29.338
29.346
29.355
29.363
29.372
29.38
29.389
29.397
29.406
29.414
29.423
29.431
29.44
29.449
29.457
29.466
29.474
29.483
29.491
29.5
29.508
29.517
29.525
29.534
29.542
29.551
29.559
29.568
29.577
29.585
29.594
29.602
29.611
29.619
29.628
29.636
29.645
29.653
29.662
29.67
29.679
29.687
29.696
29.705
29.713
29.722
29.73
29.739
29.747
29.756
29.764
29.773
29.781
29.79
29.798
29.807
29.815
29.824
29.833
29.841
29.85
29.858
29.867
29.875
29.884
29.892
29.901
29.909
29.918
29.926
29.935
29.943
29.952
29.961
29.969
29.978
29.986
29.995
30.003
30.012
30.02
30.029
30.037
30.046
30.054
30.063
30.071
30.08
30.089
30.097
30.106
30.114
30.123
30.131
30.14
30.148
30.157
30.165
30.174
30.182
30.191
30.199
30.208
30.217
30.225
30.234
30.242
30.251
30.259
30.268
30.276
30.285
30.293
30.302
30.31
30.319
30.327
30.336
30.345
30.353
30.362
30.37
30.379
30.387
30.396
30.404
30.413
30.421
30.43
30.438
30.447
30.455
30.464
30.473
30.481
30.49
30.498
30.507
30.515
30.524
30.532
30.541
30.549
30.558
30.566
30.575
30.583
30.592
30.601
30.609
30.618
30.626
30.635
30.643
30.652
30.66
30.669
30.677
30.686
30.694
30.703
30.711
30.72
30.729
30.737
30.746
30.754
30.763
30.771
30.78
30.788
30.797
30.805
30.814
30.822
30.831
30.839
30.848
30.857
30.865
30.874
30.882
30.891
30.899
30.908
30.916
30.925
30.933
30.942
30.95
30.959
30.967
30.976
30.985
30.993
31.002
31.01
31.019
31.027
31.036
31.044
31.053
31.061
31.07
31.078
31.087
31.095
31.104
31.113
31.121
31.13
31.138
31.147
31.155
31.164
31.172
31.181
31.189
31.198
31.206
31.215
31.223
31.232
31.241
31.249
31.258
31.266
31.275
31.283
31.292
31.3
31.309
31.317
31.326
31.334
31.343
31.351
31.36
31.369
31.377
31.386
31.394
31.403
31.411
31.42
31.428
31.437
31.445
31.454
31.462
31.471
31.479
31.488
31.497
31.505
31.514
31.522
31.531
31.539
31.548
31.556
31.565
31.573
31.582
31.59
31.599
31.607
31.616
31.625
31.633
31.642
31.65
31.659
31.667
31.676
31.684
31.693
31.701
31.71
31.718
31.727
31.735
31.744
31.753
31.761
31.77
31.778
31.787
31.795
31.804
31.812
31.821
31.829
31.838
31.846
31.855
31.863
31.872
31.881
31.889
31.898
31.906
31.915
31.923
31.932
31.94
31.949
31.957
31.966
31.974
31.983
31.991
32
32.009
32.017
32.026
32.034
32.043
32.051
32.06
32.068
32.077
32.085
32.094
32.102
32.111
32.119
32.128
32.137
32.145
32.154
32.162
32.171
32.179
32.188
32.196
32.205
32.213
32.222
32.23
32.239
32.247
32.256
32.265
32.273
32.282
32.29
32.299
32.307
32.316
32.324
32.333
32.341
32.35
32.358
32.367
32.375
32.384
32.393
32.401
32.41
32.418
32.427
32.435
32.444
32.452
32.461
32.469
32.478
32.486
32.495
32.503
32.512
32.521
32.529
32.538
32.546
32.555
32.563
32.572
32.58
32.589
32.597
32.606
32.614
32.623
32.631
32.64
32.649
32.657
32.666
32.674
32.683
32.691
32.7
32.708
32.717
32.725
32.734
32.742
32.751
32.759
32.768
32.777
32.785
32.794
32.802
32.811
32.819
32.828
32.836
32.845
32.853
32.862
32.87
32.879
32.887
32.896
32.905
32.913
32.922
32.93
32.939
32.947
32.956
32.964
32.973
32.981
32.99
32.998
33.007
33.015
33.024
33.033
33.041
33.05
33.058
33.067
33.075
33.084
33.092
33.101
33.109
33.118
33.126
33.135
33.143
33.152
33.161
33.169
33.178
33.186
33.195
33.203
33.212
33.22
33.229
33.237
33.246
33.254
33.263
33.271
33.28
33.289
33.297
33.306
33.314
33.323
33.331
33.34
33.348
33.357
33.365
33.374
33.382
33.391
33.399
33.408
33.417
33.425
33.434
33.442
33.451
33.459
33.468
33.476
33.485
33.493
33.502
33.51
33.519
33.527
33.536
33.545
33.553
33.562
33.57
33.579
33.587
33.596
33.604
33.613
33.621
33.63
33.638
33.647
33.655
33.664
33.673
33.681
33.69
33.698
33.707
33.715
33.724
33.732
33.741
33.749
33.758
33.766
33.775
33.783
33.792
33.801
33.809
33.818
33.826
33.835
33.843
33.852
33.86
33.869
33.877
33.886
33.894
33.903
33.911
33.92
33.929
33.937
33.946
33.954
33.963
33.971
33.98
33.988
33.997
34.005
34.014
34.022
34.031
34.039
34.048
34.057
34.065
34.074
34.082
34.091
34.099
34.108
34.116
34.125
34.133
34.142
34.15
34.159
34.167
34.176
34.185
34.193
34.202
34.21
34.219
34.227
34.236
34.244
34.253
34.261
34.27
34.278
34.287
34.295
34.304
34.313
34.321
34.33
34.338
34.347
34.355
34.364
34.372
34.381
34.389
34.398
34.406
34.415
34.423
34.432
34.441
34.449
34.458
34.466
34.475
34.483
34.492
34.5
34.509
34.517
34.526
34.534
34.543
34.551
34.56
34.569
34.577
34.586
34.594
34.603
34.611
34.62
34.628
34.637
34.645
34.654
34.662
34.671
34.679
34.688
34.697
34.705
34.714
34.722
34.731
34.739
34.748
34.756
34.765
34.773
34.782
34.79
34.799
34.807
34.816
34.825
34.833
34.842
34.85
34.859
34.867
34.876
34.884
34.893
34.901
34.91
34.918
34.927
34.935
34.944
34.953
34.961
34.97
34.978
34.987
34.995
35.004
35.012
35.021
35.029
35.038
35.046
35.055
35.063
35.072
35.081
35.089
35.098
35.106
35.115
35.123
35.132
35.14
35.149
35.157
35.166
35.174
35.183
35.191
35.2
35.209
35.217
35.226
35.234
35.243
35.251
35.26
35.268
35.277
35.285
35.294
35.302
35.311
35.319
35.328
35.337
35.345
35.354
35.362
35.371
35.379
35.388
35.396
35.405
35.413
35.422
35.43
35.439
35.447
35.456
35.465
35.473
35.482
35.49
35.499
35.507
35.516
35.524
35.533
35.541
35.55
35.558
35.567
35.575
35.584
35.593
35.601
35.61
35.618
35.627
35.635
35.644
35.652
35.661
35.669
35.678
35.686
35.695
35.703
35.712
35.721
35.729
35.738
35.746
35.755
35.763
35.772
35.78
35.789
35.797
35.806
35.814
35.823
35.831
35.84
35.849
35.857
35.866
35.874
35.883
35.891
35.9
35.908
35.917
35.925
35.934
35.942
35.951
35.959
35.968
35.977
35.985
35.994
36.002
36.011
36.019
36.028
36.036
36.045
36.053
36.062
36.07
36.079
36.087
36.096
36.105
36.113
36.122
36.13
36.139
36.147
36.156
36.164
36.173
36.181
36.19
36.198
36.207
36.215
36.224
36.233
36.241
36.25
36.258
36.267
36.275
36.284
36.292
36.301
36.309
36.318
36.326
36.335
36.343
36.352
36.361
36.369
36.378
36.386
36.395
36.403
36.412
36.42
36.429
36.437
36.446
36.454
36.463
36.471
36.48
36.489
36.497
36.506
36.514
36.523
36.531
36.54
36.548
36.557
36.565
36.574
36.582
36.591
36.599
36.608
36.617
36.625
36.634
36.642
36.651
36.659
36.668
36.676
36.685
36.693
36.702
36.71
36.719
36.727
36.736
36.745
36.753
36.762
36.77
36.779
36.787
36.796
36.804
36.813
36.821
36.83
36.838
36.847
36.855
36.864
36.873
36.881
36.89
36.898
36.907
36.915
36.924
36.932
36.941
36.949
36.958
36.966
36.975
36.983
36.992
37.001
37.009
37.018
37.026
37.035
37.043
37.052
37.06
37.069
37.077
37.086
37.094
37.103
37.111
37.12
37.129
37.137
37.146
37.154
37.163
37.171
37.18
37.188
37.197
37.205
37.214
37.222
37.231
37.239
37.248
37.257
37.265
37.274
37.282
37.291
37.299
37.308
37.316
37.325
37.333
37.342
37.35
37.359
37.367
37.376
37.385
37.393
37.402
37.41
37.419
37.427
37.436
37.444
37.453
37.461
37.47
37.478
37.487
37.495
37.504
37.513
37.521
37.53
37.538
37.547
37.555
37.564
37.572
37.581
37.589
37.598
37.606
37.615
37.623
37.632
37.641
37.649
37.658
37.666
37.675
37.683
37.692
37.7
37.709
37.717
37.726
37.734
37.743
37.751
37.76
37.769
37.777
37.786
37.794
37.803
37.811
37.82
37.828
37.837
37.845
37.854
37.862
37.871
37.879
37.888
37.897
37.905
37.914
37.922
37.931
37.939
37.948
37.956
37.965
37.973
37.982
37.99
37.999
38.007
38.016
38.025
38.033
38.042
38.05
38.059
38.067
38.076
38.084
38.093
38.101
38.11
38.118
38.127
38.135
38.144
38.153
38.161
38.17
38.178
38.187
38.195
38.204
38.212
38.221
38.229
38.238
38.246
38.255
38.263
38.272
38.281
38.289
38.298
38.306
38.315
38.323
38.332
38.34
38.349
38.357
38.366
38.374
38.383
38.391
38.4
38.409
38.417
38.426
38.434
38.443
38.451
38.46
38.468
38.477
38.485
38.494
38.502
38.511
38.519
38.528
38.537
38.545
38.554
38.562
38.571
38.579
38.588
38.596
38.605
38.613
38.622
38.63
38.639
38.647
38.656
38.665
38.673
38.682
38.69
38.699
38.707
38.716
38.724
38.733
38.741
38.75
38.758
38.767
38.775
38.784
38.793
38.801
38.81
38.818
38.827
38.835
38.844
38.852
38.861
38.869
38.878
38.886
38.895
38.903
38.912
38.921
38.929
38.938
38.946
38.955
38.963
38.972
38.98
38.989
38.997
39.006
39.014
39.023
39.031
39.04
39.049
39.057
39.066
39.074
39.083
39.091
39.1
39.108
39.117
39.125
39.134
39.142
39.151
39.159
39.168
39.177
39.185
39.194
39.202
39.211
39.219
39.228
39.236
39.245
39.253
39.262
39.27
39.279
39.287
39.296
39.305
39.313
39.322
39.33
39.339
39.347
39.356
39.364
39.373
39.381
39.39
39.398
39.407
39.415
39.424
39.433
39.441
39.45
39.458
39.467
39.475
39.484
39.492
39.501
39.509
39.518
39.526
39.535
39.543
39.552
39.561
39.569
39.578
39.586
39.595
39.603
39.612
39.62
39.629
39.637
39.646
39.654
39.663
39.671
39.68
39.689
39.697
39.706
39.714
39.723
39.731
39.74
39.748
39.757
39.765
39.774
39.782
39.791
39.799
39.808
39.817
39.825
39.834
39.842
39.851
39.859
39.868
39.876
39.885
39.893
39.902
39.91
39.919
39.927
39.936
39.945
39.953
39.962
39.97
39.979
39.987
39.996
40.004
40.013
40.021
40.03
40.038
40.047
40.055
40.064
40.073
40.081
40.09
40.098
40.107
40.115
40.124
40.132
40.141
40.149
40.158
40.166
40.175
40.183
40.192
40.201
40.209
40.218
40.226
40.235
40.243
40.252
40.26
40.269
40.277
40.286
40.294
40.303
40.311
40.32
40.329
40.337
40.346
40.354
40.363
40.371
40.38
40.388
40.397
40.405
40.414
40.422
40.431
40.439
40.448
40.457
40.465
40.474
40.482
40.491
40.499
40.508
40.516
40.525
40.533
40.542
40.55
40.559
40.567
40.576
40.585
40.593
40.602
40.61
40.619
40.627
40.636
40.644
40.653
40.661
40.67
40.678
40.687
40.695
40.704
40.713
40.721
40.73
40.738
40.747
40.755
40.764
40.772
40.781
40.789
40.798
40.806
40.815
40.823
40.832
40.841
40.849
40.858
40.866
40.875
40.883
40.892
40.9
40.909
40.917
40.926
40.934
40.943
40.951
40.96
40.969
40.977
40.986
40.994
41.003
41.011
41.02
41.028
41.037
41.045
41.054
41.062
41.071
41.079
41.088
41.097
41.105
41.114
41.122
41.131
41.139
41.148
41.156
41.165
41.173
41.182
41.19
41.199
41.207
41.216
41.225
41.233
41.242
41.25
41.259
41.267
41.276
41.284
41.293
41.301
41.31
41.318
41.327
41.335
41.344
41.353
41.361
41.37
41.378
41.387
41.395
41.404
41.412
41.421
41.429
41.438
41.446
41.455
41.463
41.472
41.481
41.489
41.498
41.506
41.515
41.523
41.532
41.54
41.549
41.557
41.566
41.574
41.583
41.591
41.6
41.609
41.617
41.626
41.634
41.643
41.651
41.66
41.668
41.677
41.685
41.694
41.702
41.711
41.719
41.728
41.737
41.745
41.754
41.762
41.771
41.779
41.788
41.796
41.805
41.813
41.822
41.83
41.839
41.847
41.856
41.865
41.873
41.882
41.89
41.899
41.907
41.916
41.924
41.933
41.941
41.95
41.958
41.967
41.975
41.984
41.993
42.001
42.01
42.018
42.027
42.035
42.044
42.052
42.061
42.069
42.078
42.086
42.095
42.103
42.112
42.121
42.129
42.138
42.146
42.155
42.163
42.172
42.18
42.189
42.197
42.206
42.214
42.223
42.231
42.24
42.249
42.257
42.266
42.274
42.283
42.291
42.3
42.308
42.317
42.325
42.334
42.342
42.351
42.359
42.368
42.377
42.385
42.394
42.402
42.411
42.419
42.428
42.436
42.445
42.453
42.462
42.47
42.479
42.487
42.496
42.505
42.513
42.522
42.53
42.539
42.547
42.556
42.564
42.573
42.581
42.59
42.598
42.607
42.615
42.624
42.633
42.641
42.65
42.658
42.667
42.675
42.684
42.692
42.701
42.709
42.718
42.726
42.735
42.743
42.752
42.761
42.769
42.778
42.786
42.795
42.803
42.812
42.82
42.829
42.837
42.846
42.854
42.863
42.871
42.88
42.889
42.897
42.906
42.914
42.923
42.931
42.94
42.948
42.957
42.965
42.974
42.982
42.991
42.999
43.008
43.017
43.025
43.034
43.042
43.051
43.059
43.068
43.076
43.085
43.093
43.102
43.11
43.119
43.127
43.136
43.145
43.153
43.162
43.17
43.179
43.187
43.196
43.204
43.213
43.221
43.23
43.238
43.247
43.255
43.264
43.273
43.281
43.29
43.298
43.307
43.315
43.324
43.332
43.341
43.349
43.358
43.366
43.375
43.383
43.392
43.401
43.409
43.418
43.426
43.435
43.443
43.452
43.46
43.469
43.477
43.486
43.494
43.503
43.511
43.52
43.529
43.537
43.546
43.554
43.563
43.571
43.58
43.588
43.597
43.605
43.614
43.622
43.631
43.639
43.648
43.657
43.665
43.674
43.682
43.691
43.699
43.708
43.716
43.725
43.733
43.742
43.75
43.759
43.767
43.776
43.785
43.793
43.802
43.81
43.819
43.827
43.836
43.844
43.853
43.861
43.87
43.878
43.887
43.895
43.904
43.913
43.921
43.93
43.938
43.947
43.955
43.964
43.972
43.981
43.989
43.998
44.006
44.015
44.023
44.032
44.041
44.049
44.058
44.066
44.075
44.083
44.092
44.1
44.109
44.117
44.126
44.134
44.143
44.151
44.16
44.169
44.177
44.186
44.194
44.203
44.211
44.22
44.228
44.237
44.245
44.254
44.262
44.271
44.279
44.288
44.297
44.305
44.314
44.322
44.331
44.339
44.348
44.356
44.365
44.373
44.382
44.39
44.399
44.407
44.416
44.425
44.433
44.442
44.45
44.459
44.467
44.476
44.484
44.493
44.501
44.51
44.518
44.527
44.535
44.544
44.553
44.561
44.57
44.578
44.587
44.595
44.604
44.612
44.621
44.629
44.638
44.646
44.655
44.663
44.672
44.681
44.689
44.698
44.706
44.715
44.723
44.732
44.74
44.749
44.757
44.766
44.774
44.783
44.791
44.8
44.809
44.817
44.826
44.834
44.843
44.851
44.86
44.868
44.877
44.885
44.894
44.902
44.911
44.919
44.928
44.937
44.945
44.954
44.962
44.971
44.979
44.988
44.996
45.005
45.013
45.022
45.03
45.039
45.047
45.056
45.065
45.073
45.082
45.09
45.099
45.107
45.116
45.124
45.133
45.141
45.15
45.158
45.167
45.175
45.184
45.193
45.201
45.21
45.218
45.227
45.235
45.244
45.252
45.261
45.269
45.278
45.286
45.295
45.303
45.312
45.321
45.329
45.338
45.346
45.355
45.363
45.372
45.38
45.389
45.397
45.406
45.414
45.423
45.431
45.44
45.449
45.457
45.466
45.474
45.483
45.491
45.5
45.508
45.517
45.525
45.534
45.542
45.551
45.559
45.568
45.577
45.585
45.594
45.602
45.611
45.619
45.628
45.636
45.645
45.653
45.662
45.67
45.679
45.687
45.696
45.705
45.713
45.722
45.73
45.739
45.747
45.756
45.764
45.773
45.781
45.79
45.798
45.807
45.815
45.824
45.833
45.841
45.85
45.858
45.867
45.875
45.884
45.892
45.901
45.909
45.918
45.926
45.935
45.943
45.952
45.961
45.969
45.978
45.986
45.995
46.003
46.012
46.02
46.029
46.037
46.046
46.054
46.063
46.071
46.08
46.089
46.097
46.106
46.114
46.123
46.131
46.14
46.148
46.157
46.165
46.174
46.182
46.191
46.199
46.208
46.217
46.225
46.234
46.242
46.251
46.259
46.268
46.276
46.285
46.293
46.302
46.31
46.319
46.327
46.336
46.345
46.353
46.362
46.37
46.379
46.387
46.396
46.404
46.413
46.421
46.43
46.438
46.447
46.455
46.464
46.473
46.481
46.49
46.498
46.507
46.515
46.524
46.532
46.541
46.549
46.558
46.566
46.575
46.583
46.592
46.601
46.609
46.618
46.626
46.635
46.643
46.652
46.66
46.669
46.677
46.686
46.694
46.703
46.711
46.72
46.729
46.737
46.746
46.754
46.763
46.771
46.78
46.788
46.797
46.805
46.814
46.822
46.831
46.839
46.848
46.857
46.865
46.874
46.882
46.891
46.899
46.908
46.916
46.925
46.933
46.942
46.95
46.959
46.967
46.976
46.985
46.993
47.002
47.01
47.019
47.027
47.036
47.044
47.053
47.061
47.07
47.078
47.087
47.095
47.104
47.113
47.121
47.13
47.138
47.147
47.155
47.164
47.172
47.181
47.189
47.198
47.206
47.215
47.223
47.232
47.241
47.249
47.258
47.266
47.275
47.283
47.292
47.3
47.309
47.317
47.326
47.334
47.343
47.351
47.36
47.369
47.377
47.386
47.394
47.403
47.411
47.42
47.428
47.437
47.445
47.454
47.462
47.471
47.479
47.488
47.497
47.505
47.514
47.522
47.531
47.539
47.548
47.556
47.565
47.573
47.582
47.59
47.599
47.607
47.616
47.625
47.633
47.642
47.65
47.659
47.667
47.676
47.684
47.693
47.701
47.71
47.718
47.727
47.735
47.744
47.753
47.761
47.77
47.778
47.787
47.795
47.804
47.812
47.821
47.829
47.838
47.846
47.855
47.863
47.872
47.881
47.889
47.898
47.906
47.915
47.923
47.932
47.94
47.949
47.957
47.966
47.974
47.983
47.991
48
48.009
48.017
48.026
48.034
48.043
48.051
48.06
48.068
48.077
48.085
48.094
48.102
48.111
48.119
48.128
48.137
48.145
48.154
48.162
48.171
48.179
48.188
48.196
48.205
48.213
48.222
48.23
48.239
48.247
48.256
48.265
48.273
48.282
48.29
48.299
48.307
48.316
48.324
48.333
48.341
48.35
48.358
48.367
48.375
48.384
48.393
48.401
48.41
48.418
48.427
48.435
48.444
48.452
48.461
48.469
48.478
48.486
48.495
48.503
48.512
48.521
48.529
48.538
48.546
48.555
48.563
48.572
48.58
48.589
48.597
48.606
48.614
48.623
48.631
48.64
48.649
48.657
48.666
48.674
48.683
48.691
48.7
48.708
48.717
48.725
48.734
48.742
48.751
48.759
48.768
48.777
48.785
48.794
48.802
48.811
48.819
48.828
48.836
48.845
48.853
48.862
48.87
48.879
48.887
48.896
48.905
48.913
48.922
48.93
48.939
48.947
48.956
48.964
48.973
48.981
48.99
48.998
49.007
49.015
49.024
49.033
49.041
49.05
49.058
49.067
49.075
49.084
49.092
49.101
49.109
49.118
49.126
49.135
49.143
49.152
49.161
49.169
49.178
49.186
49.195
49.203
49.212
49.22
49.229
49.237
49.246
49.254
49.263
49.271
49.28
49.289
49.297
49.306
49.314
49.323
49.331
49.34
49.348
49.357
49.365
49.374
49.382
49.391
49.399
49.408
49.417
49.425
49.434
49.442
49.451
49.459
49.468
49.476
49.485
49.493
49.502
49.51
49.519
49.527
49.536
49.545
49.553
49.562
49.57
49.579
49.587
49.596
49.604
49.613
49.621
49.63
49.638
49.647
49.655
49.664
49.673
49.681
49.69
49.698
49.707
49.715
49.724
49.732
49.741
49.749
49.758
49.766
49.775
49.783
49.792
49.801
49.809
49.818
49.826
49.835
49.843
49.852
49.86
49.869
49.877
49.886
49.894
49.903
49.911
49.92
49.929
49.937
49.946
49.954
49.963
49.971
49.98
49.988
49.997
50.005
50.014
50.022
50.031
50.039
50.048
50.057
50.065
50.074
50.082
50.091
50.099
50.108
50.116
50.125
50.133
50.142
50.15
50.159
50.167
50.176
50.185
50.193
50.202
50.21
50.219
50.227
50.236
50.244
50.253
50.261
50.27
50.278
50.287
50.295
50.304
50.313
50.321
50.33
50.338
50.347
50.355
50.364
50.372
50.381
50.389
50.398
50.406
50.415
50.423
50.432
50.441
50.449
50.458
50.466
50.475
50.483
50.492
50.5
50.509
50.517
50.526
50.534
50.543
50.551
50.56
50.569
50.577
50.586
50.594
50.603
50.611
50.62
50.628
50.637
50.645
50.654
50.662
50.671
50.679
50.688
50.697
50.705
50.714
50.722
50.731
50.739
50.748
50.756
50.765
50.773
50.782
50.79
50.799
50.807
50.816
50.825
50.833
50.842
50.85
50.859
50.867
50.876
50.884
50.893
50.901
50.91
50.918
50.927
50.935
50.944
50.953
50.961
50.97
50.978
50.987
50.995
51.004
51.012
51.021
51.029
51.038
51.046
51.055
51.063
51.072
51.081
51.089
51.098
51.106
51.115
51.123
51.132
51.14
51.149
51.157
51.166
51.174
51.183
51.191
